-7.925379 24.472244 41.566730
-9.869928 22.496534 41.830654
-11.425566 20.915964 42.153439
-12.709276 19.761984 42.411667
-13.736246 18.838802 42.618244
-15.198282 17.439642 42.301987
-16.482058 16.423416 42.489277
-15.459387 17.619400 43.445122
-12.126501 19.223022 43.475124
-12.564470 18.215553 43.742123
-12.987799 17.035265 43.804672
-13.750380 15.980344 44.215191
-14.820635 14.837815 43.566147
-15.899839 14.165359 43.573078
-16.307459 13.632264 42.429695
-17.317701 12.625141 41.941319
-18.599394 12.152830 41.982845
-19.808138 11.409252 42.107151
-20.441168 10.018255 41.509838
-20.725912 8.944158 41.076637
-21.871946 8.366056 39.980629
-22.518881 7.217897 39.278255
-23.114744 6.096979 38.896797
-24.480551 5.569148 38.492764
-25.259192 4.808788 37.338490
-25.610468 3.667946 36.726681
-26.189478 2.663307 37.040855
-27.271425 2.090603 36.576061
-26.012789 2.518692 38.069035
-24.942591 2.472870 38.962486
-25.315607 3.526554 39.125645
-26.383394 3.829756 38.149223
-26.621466 3.678120 36.857243
-23.999277 5.429738 36.987144
-22.096750 5.867543 38.446831
-21.022764 6.360966 38.861649
-20.001348 7.650068 38.975937
-19.196589 9.128792 39.069328
-18.104212 10.441170 39.647312
-17.997164 10.132013 38.580410
-17.784529 11.268937 38.533642
-17.114084 12.403188 39.088310
-16.944422 13.555506 38.848377
-15.144609 14.841067 38.253307
-14.180082 16.104927 38.065823
-13.410952 17.330000 38.093414
-12.405142 18.272871 38.180809
-11.687536 19.302641 38.333420
-10.482462 20.297667 38.406883
-9.397282 21.199474 38.164738
-8.383869 21.838737 37.640308
-8.360659 22.299582 39.279949
-8.916718 22.880548 40.620216
-7.377684 21.833078 37.917328
-7.119490 22.367350 38.919701
-6.100155 23.129393 38.557098
-5.011906 22.940022 38.773743
-3.883659 23.130087 38.520096
-2.705963 23.370323 37.877438
-1.508755 23.744242 37.653618
-0.352163 23.776466 37.763569
0.832560 24.160719 37.985371
1.945276 24.553989 38.204330
3.085011 24.556520 38.348976
4.150127 24.756674 38.842739
5.187721 24.834751 38.385490
6.321230 24.440466 38.144035
7.458498 23.767843 37.914543
8.512324 23.496922 38.390881
9.651677 22.883936 38.460304
10.697339 22.739517 38.410755
11.722108 21.944836 38.109840
12.935297 21.514149 38.046337
14.069833 21.161612 38.019222
15.150455 20.736694 38.436199
16.204712 20.151188 37.536205
16.842569 19.047852 38.167328
17.894863 18.439135 37.931767
18.877579 17.400259 37.794464
18.938972 16.383949 37.835663
19.552027 15.336688 38.675262
20.238125 15.250729 37.613628
21.267542 14.100832 37.969948
22.080387 12.970337 37.766743
22.901937 11.891422 37.471935
22.968641 10.725324 37.232494
23.593729 9.552531 37.300858
23.344704 8.399172 37.599052
23.544538 7.321271 38.224205
23.603657 6.214262 38.041897
23.815283 5.091199 37.975925
24.367445 3.883067 38.296021
24.432085 2.651020 38.272179
24.178696 1.457827 38.217751
24.331526 0.351515 38.215267
24.447971 -0.912081 38.202549
24.164080 -2.091070 38.355404
23.929287 -3.223778 38.457947
23.901741 -4.259627 38.568447
23.492949 -5.371202 38.594707
22.685127 -5.747258 39.705013
22.446375 -6.875446 39.740974
21.303753 -7.323927 40.167343
21.259270 -7.981482 38.960186
21.271551 -8.988387 38.865337
21.001455 -10.035483 38.476940
20.246372 -11.070834 38.488876
19.577959 -12.129932 38.401569
18.566359 -12.857584 38.483688
17.999535 -14.048675 38.802959
16.856079 -14.837488 38.556870
15.824072 -15.222940 38.305008
14.792776 -15.590608 38.194893
13.722547 -16.000801 38.001907
12.512872 -16.966797 38.782284
11.476830 -17.471861 38.129105
10.451785 -18.003469 38.376823
9.400091 -18.156418 38.664345
8.408093 -19.441904 38.963253
7.369861 -19.022654 39.606098
6.321079 -19.063200 39.429321
5.310049 -19.468918 38.707310
4.253134 -19.492701 38.979252
3.216259 -19.483423 38.988747
2.087692 -18.701307 38.925167
0.612270 -18.221785 38.938290
-0.397949 -18.371752 39.164642
-1.581146 -18.120834 39.307320
-2.709183 -17.575600 38.878288
-3.754465 -16.937098 39.359398
-4.781691 -16.546515 39.538212
-5.932747 -16.419462 40.237431
-6.595264 -16.325706 39.103939
-7.741320 -15.389792 39.695122
-8.472000 -15.071004 38.604973
-9.215151 -14.638767 39.725353
-10.227427 -13.682409 39.933582
-11.359884 -13.167040 39.569946
-12.377878 -12.551585 39.292233
-13.387434 -11.639144 39.463516
-14.449072 -10.518397 38.643898
-15.554502 -9.377842 38.876488
-15.881094 -8.265624 38.819126
-16.132719 -7.222201 38.403790
-16.899565 -5.996702 38.448830
-17.657553 -5.041210 39.469757
-17.865107 -3.979991 39.668121
-18.231409 -2.796043 40.259426
-18.661726 -1.663147 39.421101
-19.018343 -0.402605 39.398876
-19.078817 0.605423 39.088337
-19.352442 1.377246 38.077568
-19.585855 2.386918 38.233044
-19.515497 3.401849 38.598297
-19.629019 4.507830 38.820827
-19.955549 5.535376 38.801910
-19.035769 8.795429 37.849205
-16.474794 14.597650 38.879604
-15.250544 15.888329 38.764030
-2.638712 24.085592 38.925407
-1.560661 24.059605 39.069572
-0.302830 24.173120 39.341286
0.727264 24.344723 39.281422
5.314444 24.217388 39.634109
6.558116 25.676880 38.690556
7.560990 25.768810 38.039398
8.056952 26.320667 37.014381
8.444644 27.992680 36.368446
8.386939 29.014784 35.732143
8.369861 30.248732 34.636631
8.117947 31.604441 33.766624
7.773042 32.611649 32.751179
7.612782 33.367901 31.734385
8.416340 34.279369 30.425236
8.254099 35.455433 29.210136
8.666579 36.339222 28.202627
8.935551 37.068218 26.990540
8.407050 38.105160 26.079617
7.123096 38.524151 26.279837
5.968178 38.764885 26.261457
4.713831 38.928261 26.549623
3.064327 38.917686 27.064753
1.667046 38.800446 26.429480
0.499504 38.637028 26.499044
-0.515476 39.406410 26.181341
-1.892838 38.834145 26.024990
-3.547977 38.708050 25.005936
-4.803711 38.979103 24.100410
-5.756487 39.656322 22.891813
-6.846197 40.508934 21.933859
-7.444448 41.082699 20.796822
-8.133347 41.730461 19.212889
-8.393547 42.333382 18.127420
-8.449194 42.583187 16.732088
-8.395208 43.051239 15.676135
-8.228806 43.878723 14.025128
-8.142160 44.283920 12.808544
-7.955667 44.574642 11.459649
-7.889359 44.678009 10.207595
-7.511635 45.360645 9.094407
-7.359491 45.768459 7.799614
-7.333799 46.006207 5.862363
-7.025036 46.210693 4.108363
-6.915253 46.283398 2.869175
-6.878126 46.356701 1.084744
-6.864925 46.382763 -0.367429
-6.697565 46.339653 -1.529168
-6.456566 46.277569 -3.268453
-6.685368 45.965710 -4.434701
-6.887800 45.620754 -5.843716
-7.056950 44.985916 -7.207326
-7.119587 44.629013 -8.515124
-7.220579 44.450115 -9.526957
-6.987431 44.302120 -11.124079
-6.642263 44.132381 -12.633388
-6.991043 43.713573 -13.983437
-6.841908 43.180271 -15.690792
-6.952145 42.737942 -17.050461
-6.861418 42.203659 -18.197643
-6.732306 41.572678 -19.268925
-6.809561 40.991215 -20.680872
-6.434887 40.474552 -21.885830
-5.961145 39.208149 -23.192669
-5.615633 38.073128 -24.425280
-5.591730 37.895218 -25.554966
-5.194431 36.738918 -27.181713
-4.962561 35.820957 -28.776823
-4.832083 34.489189 -30.177883
-4.738497 33.219364 -31.378710
-4.813002 31.684502 -32.826149
-4.968204 30.527750 -33.861134
-5.403461 29.061741 -35.079006
-5.344296 27.667583 -35.888062
-5.281748 26.256481 -36.581707
-5.393978 24.716927 -37.968559
-5.787666 22.910643 -39.619560
-6.156471 21.653954 -40.614971
-6.856186 20.137959 -40.893574
-7.376802 18.150160 -41.599915
-7.594267 16.991137 -42.085743
-8.069815 14.612757 -43.105183
-8.311077 13.451827 -43.609795
-8.535294 11.407953 -44.212734
-8.580231 9.802164 -44.499645
-8.517809 8.620680 -44.535271
-8.427921 6.919342 -44.707275
-8.815962 5.814362 -44.822075
-9.374741 4.223191 -44.996441
-9.419878 2.493130 -45.115276
-9.672766 1.124231 -45.060974
-10.013815 0.038809 -45.201233
-9.909525 -1.053583 -45.431007
-10.100676 -2.086656 -45.919373
-10.490805 -3.358697 -45.657349
-10.577681 -4.463017 -45.657745
-10.608568 -5.565051 -45.392357
-10.441370 -7.151979 -45.010197
-10.241922 -8.193021 -44.838108
-9.954714 -9.692122 -44.596333
-10.012819 -11.049269 -44.446426
-9.719606 -12.394642 -44.377644
-9.267632 -13.637122 -43.977570
-8.465599 -15.714696 -43.280582
-7.900587 -17.342377 -43.055786
-7.699694 -18.665382 -42.610764
-6.604008 -20.350714 -41.969917
-6.214430 -21.426746 -41.310581
-5.310719 -22.976231 -40.361130
-4.866743 -24.177229 -40.198849
-4.884920 -25.292423 -40.259018
-4.602617 -26.344749 -39.596069
-3.798374 -26.914658 -38.238483
-2.513462 -27.338953 -36.971844
-2.316242 -27.782434 -35.945068
-2.419640 -29.051308 -36.407646
-2.153288 -30.395498 -35.439560
-1.693510 -31.395620 -34.816792
-1.197262 -32.416973 -34.278927
-0.718969 -33.677135 -33.672997
-0.348879 -34.735878 -32.749546
0.459618 -35.548332 -31.745596
1.279629 -36.313255 -30.433943
2.371643 -37.344700 -29.108223
2.475117 -38.195156 -28.008598
2.510857 -39.099689 -26.999197
2.608030 -39.647430 -25.944706
2.819813 -40.600239 -24.853725
2.668636 -40.668839 -23.186302
2.571884 -40.712746 -22.119148
2.147770 -41.737549 -21.205214
1.974670 -42.651741 -20.099596
1.874912 -43.000568 -19.013683
1.731258 -43.502880 -17.449965
1.680182 -43.739624 -16.178860
1.661720 -43.929020 -15.161976
1.685537 -44.288967 -13.552827
1.741100 -44.589115 -12.407106
1.679989 -45.019756 -11.125997
1.777870 -45.391743 -10.022949
1.882946 -45.567932 -9.011683
2.105192 -45.710697 -7.573012
2.205767 -45.548889 -6.206264
2.242046 -45.709450 -4.528012
2.278706 -45.812214 -3.453931
2.520569 -45.143009 -2.223392
2.967239 -45.218231 -1.155831
3.135948 -45.165234 -0.124995
3.455603 -45.066196 1.036832
3.732920 -44.980267 2.044780
3.725664 -45.335068 3.245609
3.597914 -45.642879 4.287395
3.465660 -45.584702 5.420139
3.313818 -45.407913 6.736500
3.388000 -45.221512 8.507719
3.435476 -45.102207 9.641297
3.303064 -44.801010 11.125627
3.068638 -44.477230 12.218350
2.865261 -44.196339 13.395669
1.586025 -43.712013 14.328677
1.093456 -43.296577 15.599342
0.892071 -42.786953 16.760134
0.399803 -42.072983 17.946892
0.077759 -41.773594 19.294640
0.011873 -41.434719 20.296858
0.972445 -41.401043 21.453987
1.245447 -41.472118 22.504333
2.558163 -41.153580 23.183125
3.915415 -41.109810 23.180609
5.116474 -39.991215 24.131140
5.274179 -38.866104 25.730555
5.267591 -37.936707 27.997335
5.767374 -36.640648 29.099268
5.945074 -36.179829 30.263512
6.244036 -35.037823 31.270344
6.674539 -33.393333 32.720181
6.536407 -32.110870 33.504227
6.425900 -31.084898 34.131462
6.337496 -30.264122 35.146202
6.300373 -28.839970 35.957993
6.270674 -27.700645 36.607433
6.412706 -25.187822 38.324722
6.545341 -23.906734 38.935314
6.651448 -22.881859 39.592754
6.898734 -21.544458 40.118710
7.096563 -20.474539 40.539482
7.254827 -18.856882 41.476547
7.308637 -17.562757 42.226200
7.351685 -16.527458 42.825924
7.402923 -15.123570 43.215179
7.443913 -14.000459 43.526592
7.476707 -13.101970 44.548161
7.542141 -11.574944 44.798157
7.594488 -10.353322 44.998150
7.305868 -7.873171 45.575806
7.041470 -6.670887 45.909935
6.589151 -5.040378 46.316036
6.227297 -3.735969 46.640926
5.937813 -2.692443 46.689613
5.577425 -1.409894 46.728569
5.289116 -0.383856 46.759731
4.873949 1.640217 46.723133
3.529682 3.372884 46.634537
2.641354 4.999296 46.472225
2.050423 6.454202 46.283867
1.425756 8.100179 45.987679
1.070841 9.129546 45.734772
0.709295 10.468653 45.403942
0.370384 11.869932 45.057034
0.013483 13.202850 45.139771
-0.326935 14.404797 45.436523
-0.539204 15.610142 45.376602
-0.670576 16.730438 45.338257
-0.718861 18.255182 44.624531
-0.590645 19.334293 44.026627
-0.470230 20.485117 44.009647
-0.765106 21.511721 43.311169
-1.361368 22.674700 43.008797
-1.481058 23.092897 41.957260
-1.577475 24.283024 42.007839
-1.708925 25.577921 41.447723
-1.753429 27.004463 40.887306
-0.931154 28.063057 39.827435
-0.822481 28.815832 38.749447
-1.918196 30.075754 37.533813
-3.058443 30.577515 37.473656
-3.895628 31.611574 36.598686
-5.018270 31.833666 35.449871
-5.866343 32.841202 34.116745
-5.713003 34.824913 32.631569
-5.087934 35.848251 30.891472
-5.093763 36.925549 29.756636
-4.717287 38.154854 29.267717
-4.617754 38.895004 28.113388
-4.718403 39.897606 26.414455
-4.907663 40.500973 25.153336
-4.853231 41.478436 24.132870
-4.869810 41.997536 23.076893
-4.893684 42.745033 21.556288
-4.515841 43.212967 20.219204
-4.419882 43.932919 18.847391
-4.337194 44.911205 17.700375
-4.150335 45.157757 16.551237
-4.000937 45.944256 15.489996
-4.735519 46.566189 16.552670
-4.353230 47.210175 15.387051
-4.234495 47.864594 14.297975
-3.797518 48.030327 12.527665
-4.563026 48.341423 11.424692
-4.730942 48.558823 9.819036
-4.865288 48.828205 8.791416
-4.981840 49.061905 7.317546
-4.794022 49.369972 6.142229
-4.631079 49.637230 5.122575
-4.596888 49.588646 3.774082
-4.664736 49.549782 2.695288
-4.762436 49.493813 1.141825
-4.847197 49.235931 -0.893852
-4.768330 48.916168 -2.393555
-4.701056 48.577782 -4.406428
-4.669668 48.398026 -5.590143
-4.624472 48.139179 -7.294694
-4.528347 47.531601 -9.013221
-4.413067 46.789223 -10.615169
-4.339287 46.314102 -11.640415
-4.308867 45.934433 -13.210836
-4.302837 45.630974 -14.947318
-4.298979 45.436756 -16.058666
-4.369310 45.126392 -17.068647
-4.509275 44.655350 -18.268808
-4.562140 44.477436 -19.693708
-3.608133 43.766987 -21.382919
-2.997568 43.312302 -22.464016
-2.205791 42.378700 -23.689060
-1.949989 40.895706 -25.400957
-1.875877 39.737267 -27.054785
-2.019966 38.828403 -28.559805
-2.253304 37.775745 -29.892345
-2.531439 36.776424 -31.016733
-2.962812 34.846954 -32.775517
-3.179285 33.364601 -33.959080
-3.301052 32.628216 -35.040710
-3.476397 31.567825 -36.598251
-3.605942 30.155792 -37.423607
-3.709578 29.026163 -38.083893
-3.920414 26.474972 -39.617058
-4.022757 25.156979 -40.421005
-4.104630 24.102585 -41.064163
-3.929329 22.386873 -42.097679
-3.789087 21.014301 -42.924492
-3.676895 19.916246 -43.585945
-3.592741 18.543556 -44.145283
-3.525417 17.445406 -44.592747
-3.697271 14.980242 -45.818241
-3.877842 13.710928 -46.253971
-4.022299 12.695477 -46.515060
-4.238665 11.272579 -46.723923
-4.411757 10.134261 -46.891014
-4.550230 8.479331 -46.864769
-4.907408 7.294939 -46.843773
-5.421745 4.845141 -47.121304
-5.487020 3.631684 -47.356773
-5.581018 1.547057 -47.369968
-5.731895 -0.056904 -47.117710
-5.785542 -1.214481 -47.109489
-5.520071 -2.881392 -47.097649
-5.425682 -5.276610 -46.839981
-5.271770 -7.192785 -46.633846
-5.148642 -8.725725 -46.468945
-5.050138 -10.155589 -46.201229
-4.976934 -11.299481 -45.987064
-4.899521 -12.871095 -45.548920
-4.588326 -14.379354 -44.937580
-4.158310 -15.478437 -44.238255
-3.812263 -16.816692 -44.144943
-3.481012 -17.817394 -43.587250
-2.744852 -19.148624 -43.219471
-2.682510 -20.390190 -42.468117
-2.969650 -21.496460 -41.574474
-3.402145 -22.616629 -41.133030
-5.141348 -26.803925 -38.276070
-5.122704 -27.135891 -37.230022
-5.791374 -28.514027 -36.022427
-6.656122 -29.750727 -34.842224
-7.559002 -30.825970 -33.323498
-8.247725 -31.692055 -31.740797
-9.187952 -32.982563 -30.463428
-10.300379 -34.150833 -29.373148
-12.047709 -35.248089 -27.729351
-12.642576 -36.008430 -26.618063
-13.198980 -36.285004 -25.322653
-13.601610 -37.058239 -23.732239
-13.923712 -37.676830 -22.459904
-14.181395 -38.171700 -21.442038
-14.387541 -38.829258 -19.686325
-14.334059 -39.355297 -18.281752
-14.291273 -39.776138 -17.158096
-14.397043 -40.281429 -15.942348
-14.549353 -41.009048 -14.191669
-14.572176 -41.526802 -13.121964
-14.631197 -41.952621 -11.637108
-14.853769 -42.393768 -10.529897
-15.342470 -42.720951 -9.088387
-15.645773 -42.574242 -7.383809
-15.671099 -42.549717 -4.963610
-15.825705 -42.622402 -3.558626
-15.949389 -42.680550 -2.434639
-16.048334 -42.727066 -0.763003
-15.858690 -42.834057 0.438525
-15.585604 -42.988125 2.742025
-14.754908 -43.066166 3.815848
-13.558702 -43.178535 6.665657
-12.976587 -43.049866 8.258259
-12.510893 -42.946930 9.532340
-12.138338 -42.864582 11.167149
-11.409094 -42.635891 12.474995
-10.825701 -42.452946 13.521272
-10.358984 -41.562309 15.649730
-9.834410 -40.919571 17.352497
-9.414751 -40.405392 18.714708
-9.079025 -39.249763 21.150227
-8.138445 -38.365971 23.098642
-7.385981 -37.658936 24.657373
-6.784008 -35.971081 26.857851
-6.156832 -34.620792 28.618229
-5.655090 -33.540565 30.026533
-5.253696 -30.792437 32.402370
-5.033382 -28.593937 34.303040
-4.857130 -26.835136 35.823578
-5.432928 -23.032461 37.924095
-5.893566 -19.990324 39.604511
-6.262077 -17.556612 40.948837
-6.528887 -14.394382 41.994137
-6.742334 -11.864599 42.830364
-6.913092 -9.840773 43.499355
-6.803297 -6.994821 44.019459
-6.715462 -4.718060 44.435539
-6.645193 -2.896651 44.768402
-6.768179 0.066468 45.001507
-6.866568 2.436965 45.187981
-6.945278 4.333362 45.337173
-6.700247 6.519163 45.272461
-6.504223 8.267804 45.220688
-6.347403 9.666717 45.179268
-6.227547 11.070765 45.091820
-6.131662 12.194002 45.021870
-5.965588 14.491778 44.556030
-5.894094 15.611128 44.228130
-6.328745 17.542793 43.414989
-7.037001 19.034904 42.621811
-7.560844 20.178249 42.526951
-8.706741 20.943516 42.687626
-7.437792 21.689835 42.993614
-6.230642 21.631966 43.272583
-4.906982 20.587101 44.056297
-3.783535 19.503159 44.817455
-2.505026 18.918446 44.904358
0.357008 17.458504 45.107449
1.471304 16.594955 45.170765
2.525665 15.533209 45.211864
3.616549 16.569410 44.469982
4.644260 16.204762 44.438293
5.871881 16.000252 44.571800
7.083226 16.185701 44.227482
8.298970 15.915714 44.261883
9.488114 15.846711 44.274265
10.543611 16.068153 44.167423
11.717438 15.734938 43.979179
13.265356 15.188024 43.080654
14.968344 14.651930 42.403008
16.565050 14.378623 42.116474
17.842417 14.159977 41.887245
19.581108 13.985059 41.495663
20.904863 13.845123 41.182400
21.963865 13.733176 40.931786
24.132830 12.849796 39.392315
25.190239 12.535704 38.844948
26.713768 12.069289 38.057041
27.932590 11.696157 37.426708
30.096495 11.408876 36.204029
31.808434 11.425040 34.718460
33.021923 11.529636 33.877792
34.769348 11.680254 32.130142
36.351379 11.682452 30.581970
38.030277 10.972148 29.026287
39.637894 10.122156 27.475454
41.140530 9.261845 26.038765
42.348618 9.193861 24.576157
43.663902 9.658253 23.307264
44.180698 9.813845 22.229332
44.924885 10.037898 20.677109
45.570507 10.976551 19.381765
45.477478 11.989761 18.792414
45.296658 13.203498 18.117767
44.938461 14.667773 17.477890
44.798607 15.823385 17.155014
44.784779 17.073002 16.726898
45.091354 18.056515 15.497994
45.336342 18.243788 14.191113
45.548882 18.406256 12.541349
45.881165 18.289694 11.370112
46.093819 18.215090 9.848075
46.169441 18.062683 8.380931
46.235046 17.930460 7.108102
46.248814 17.902714 6.038396
46.258556 18.113956 4.498018
46.267010 18.297220 3.161655
46.326202 18.343182 1.614100
46.438286 18.357834 0.271510
46.480621 18.363367 -0.914501
46.296032 18.335510 -2.216676
46.135895 18.311340 -3.346384
46.102287 18.102755 -4.542962
45.842224 17.802391 -6.266035
45.675781 17.610161 -7.368801
45.339653 17.649944 -8.599594
44.940857 17.788212 -10.845297
44.720657 17.829618 -12.105090
44.544502 17.862743 -13.112926
44.403580 17.889246 -14.525687
43.994041 17.904631 -15.655895
43.404301 17.996563 -18.061878
42.819416 18.060263 -19.263332
41.977180 18.088024 -21.726645
41.084122 18.069468 -22.928364
39.081314 18.223000 -25.241196
38.269028 18.357702 -26.322359
36.382534 18.883114 -28.202095
34.863815 19.484522 -29.663410
34.323830 19.709986 -30.889055
32.588646 20.034653 -32.653984
31.204494 20.225681 -33.562130
30.097170 20.378504 -34.288643
27.713024 20.610197 -35.654671
26.514397 20.697746 -36.282520
24.329170 20.469122 -37.829323
22.563265 20.039045 -39.333435
21.414587 19.659361 -39.865215
19.760492 19.112614 -40.630978
18.589970 19.011250 -41.105412
16.904415 18.865282 -41.788601
15.382143 18.792797 -42.551712
14.066287 18.519632 -43.314686
12.950860 18.163393 -44.022655
11.360026 17.181820 -44.497482
10.364292 15.989593 -45.664948
9.744943 14.775352 -46.484531
9.066319 13.600515 -47.067005
7.913095 12.267291 -47.903637
7.588852 11.197504 -47.837807
6.276657 10.894065 -47.785137
5.226902 10.651314 -47.743004
3.172052 9.956363 -47.752941
1.422390 9.162715 -48.000687
-0.129313 8.725471 -48.196060
-1.370674 8.375678 -48.352360
-3.080564 7.927217 -48.245060
-4.258076 7.568450 -48.159218
-6.670492 7.121598 -48.053715
-7.880678 6.891435 -48.000679
-9.212566 6.629345 -47.972767
-10.278078 6.419672 -47.950436
-12.042013 6.047971 -47.710083
-13.354612 5.754260 -47.389698
-14.538115 5.603311 -47.130955
-15.607317 5.385946 -46.758358
-17.138330 4.974709 -45.314152
-18.594175 4.624295 -44.688580
-19.906717 4.330255 -44.527187
-21.095797 4.022194 -43.848225
-22.808073 3.578588 -42.098072
-24.049685 3.077798 -41.461384
-25.837603 2.356661 -40.544544
-27.055708 2.193291 -39.515511
-28.809778 1.958037 -38.033699
-30.183847 1.624362 -36.658955
-31.283102 1.357422 -35.559155
-32.162506 1.143870 -33.873680
-33.554832 0.920696 -32.525299
-34.668686 0.742158 -31.446592
-35.559776 0.599327 -29.811182
-36.647842 0.392027 -28.457592
-37.518303 0.226188 -27.374720
-38.214668 0.093517 -25.723906
-39.314957 -0.030063 -24.403254
-40.195190 -0.128928 -23.346731
-40.899376 -0.208019 -21.822607
-41.832329 -0.492250 -20.603306
-43.175774 -1.046908 -18.292318
-43.731842 -1.308727 -17.223879
-44.532585 -1.685746 -15.151251
-45.085381 -1.947970 -13.397509
-45.719170 -2.042531 -11.905788
-46.348793 -2.004199 -10.272179
-46.892876 -1.900588 -8.683540
-47.086327 -1.904452 -7.385470
-47.218689 -1.907543 -6.347014
-47.493286 -1.638704 -4.543865
-47.736229 -1.248018 -3.143632
-47.822609 -0.777671 -2.102644
-48.118355 -0.100373 -0.603621
-47.859512 0.053223 0.786299
-47.652435 0.176100 1.898234
-47.208641 0.306527 4.283939
-46.986137 0.332227 5.480864
-46.380135 0.689040 8.040247
-46.037735 0.958043 9.321723
-45.763817 1.173246 11.891797
-45.208679 1.089563 13.296104
-44.764572 1.022616 14.419551
-43.811455 1.089023 16.855021
-43.333191 1.184994 18.084391
-42.067688 1.119682 20.446089
-41.361374 1.006010 21.548651
-40.796326 0.915071 23.203148
-40.109085 0.714400 24.203888
-39.119453 0.425432 26.417398
-38.392387 0.235468 27.487385
-37.345413 -0.038080 29.251455
-35.667351 0.257836 30.559090
-35.070702 0.363049 31.718023
-33.364815 0.525025 33.386887
-31.763449 0.617058 34.878593
-30.330893 0.666657 36.313049
-29.166338 0.911063 37.036301
-27.489378 1.547924 38.506256
-25.351324 2.653630 40.140572
-24.039770 3.330691 40.645672
-22.649927 4.329522 41.201672
-21.604765 4.632147 41.297222
-20.558424 5.545303 41.598351
-19.190699 6.955931 42.605320
-17.849695 7.901661 43.305988
-16.104479 8.646372 44.316612
-14.886110 9.248849 44.855389
-13.652758 9.948427 45.015541
-12.300512 10.796074 45.914986
-11.064291 12.163436 45.492374
-9.981329 13.049827 45.752014
-8.358646 13.330918 45.668179
-7.002728 13.468253 45.346092
-4.186739 13.576315 45.553009
-2.199718 13.496001 46.073334
-0.332184 13.430646 46.560837
0.998228 13.052715 46.471657
2.062557 12.750371 46.400318
4.384792 12.681319 46.194988
5.561409 12.819576 46.076393
7.972538 12.687233 45.530849
9.148406 12.492872 45.336884
11.452056 12.369989 44.985146
12.542420 12.396074 44.827896
14.358946 12.061498 44.367916
15.718641 11.549661 44.037323
17.375086 11.106954 43.796772
19.107212 10.499166 43.392982
20.753372 10.110181 42.618587
22.122673 9.518333 42.113934
23.218115 9.044854 41.710197
25.663549 7.567602 40.096889
26.918816 7.042357 39.523270
27.923027 6.453537 38.524261
29.633598 5.982479 37.725056
31.002054 5.605634 37.085697
32.813622 5.042500 35.738392
34.212471 4.591991 34.660545
35.331551 4.231584 33.798275
36.943619 3.466459 32.589462
37.992470 2.854357 31.622417
39.917217 1.897342 29.357851
40.785751 1.523473 28.165108
42.098038 0.926956 26.206161
42.987179 0.498669 24.759331
43.891319 0.305687 23.200890
44.614632 0.151301 21.954136
45.656200 -0.071015 20.158813
46.597206 -0.155151 18.071404
47.053741 -0.159223 16.912146
47.711151 -0.165087 15.242813
48.131893 -0.168840 13.401994
48.905167 -0.338703 11.605911
49.400063 -0.447417 10.456418
49.716797 -0.516992 8.948296
50.191666 -0.498722 7.316258
50.495583 -0.487030 6.271753
50.690090 -0.479548 4.676938
50.875053 -0.380560 2.915188
50.993431 -0.317210 1.787668
51.069191 -0.276664 0.531981
51.117680 -0.093721 -0.698918
51.159744 0.064993 -1.766792
51.168571 0.098296 -2.914187
50.999844 0.418381 -4.566435
50.891853 0.623234 -5.623874
50.294170 0.706757 -6.725924
49.808956 0.820693 -7.944219
49.514809 0.974911 -9.029416
49.206070 1.061190 -10.174474
49.122948 0.944208 -11.375809
49.168297 0.965296 -12.652078
48.956318 1.098198 -13.803395
48.509094 1.342080 -15.109797
48.162518 1.490206 -16.382149
47.906689 1.570860 -17.503792
47.684742 1.640833 -18.884222
46.942562 2.272543 -20.177580
46.562565 2.491316 -21.533775
46.116638 2.462766 -22.783245
44.905006 2.245633 -24.544241
43.961563 2.391582 -26.277769
42.990395 2.712925 -27.872421
42.045891 2.914401 -29.232977
41.290291 3.075580 -30.321421
39.446220 3.139054 -32.437946
37.661217 3.044778 -34.231850
36.320950 3.034516 -35.385654
35.248737 3.026307 -36.308697
33.183949 2.927266 -38.190060
31.445843 2.794104 -39.835873
29.640650 2.467654 -40.671494
28.196495 2.206495 -41.339985
27.041172 1.997567 -41.874783
25.304913 1.836239 -42.897041
23.915907 1.707177 -43.714851
22.804701 1.603927 -44.863949
20.778936 1.329444 -45.783222
19.158325 1.109857 -46.518646
17.861835 0.934189 -47.106979
16.079844 0.921575 -47.577648
14.654250 0.911485 -47.954185
13.513776 0.903413 -48.427410
11.464596 0.809735 -48.805984
9.825252 0.734793 -49.108837
8.513777 0.674840 -49.148968
6.910197 0.434995 -49.181065
5.627333 0.243119 -49.206741
4.601042 0.089618 -49.354015
3.208809 0.001703 -49.471832
2.095022 -0.068627 -49.566086
-0.158430 -0.164089 -49.451977
-1.248369 -0.195447 -49.411404
-3.405880 -0.905797 -49.081409
-4.434328 -0.858589 -48.964088
-5.973886 -0.774305 -48.879272
-7.646532 -0.652936 -48.757149
-9.433825 -1.171844 -48.249920
-11.151133 -1.364391 -47.804592
-12.422529 -1.370830 -47.592609
-13.439650 -1.375981 -47.423031
-14.678946 -1.624316 -47.042957
-16.463530 -1.981921 -46.495647
-17.814848 -1.963703 -45.878620
-18.890303 -1.949129 -45.384998
-20.926157 -2.044434 -44.411663
-22.618864 -2.198464 -43.578724
-24.397715 -2.045850 -41.910503
-25.956182 -1.942364 -41.014839
-27.289602 -1.871481 -40.579201
-28.747789 -2.035441 -39.941929
-30.168230 -1.925235 -38.004875
-31.467073 -1.682589 -36.654118
-33.094650 -1.788955 -35.268227
-33.673347 -1.826774 -34.003021
-35.202187 -1.713773 -32.425533
-35.745773 -1.673594 -31.116339
-36.656639 -1.786817 -30.068985
-37.968292 -1.949858 -28.222847
-39.291595 -2.608922 -26.770964
-39.762100 -3.587530 -25.174519
-40.620102 -3.806396 -23.897362
-41.306511 -3.981489 -22.875637
-41.855637 -3.377289 -21.868164
-42.525414 -3.009626 -20.417402
-42.836472 -1.760247 -20.830435
-43.732140 -1.688190 -19.435930
-44.478081 -2.417386 -16.701979
-45.119934 -3.219805 -14.287383
-45.410370 -3.657582 -12.984973
-45.642723 -4.007803 -11.943043
-45.901405 -4.427532 -10.005142
-46.108353 -4.763316 -8.454821
-46.273911 -5.031942 -7.214564
-46.406357 -5.578277 -4.728758
-46.478714 -6.015346 -2.740114
-46.536598 -6.365001 -1.149199
-46.246902 -6.877310 1.233926
-46.015144 -7.287158 3.140427
-45.829742 -7.615036 4.665627
-45.121422 -8.191330 6.625043
-44.554764 -8.652364 8.192575
-44.101433 -9.021193 9.446602
-43.492371 -9.409288 11.418399
-43.005119 -9.719766 12.995836
-42.615318 -9.968147 14.257788
-42.180283 -10.364551 15.946257
-41.832253 -10.681673 17.297033
-41.553825 -10.935371 18.377653
-40.877487 -11.359285 19.486557
-39.903557 -11.969724 21.083376
-38.463760 -12.747659 22.670195
-37.951836 -13.024259 24.052105
-36.847893 -13.286241 25.157633
-35.258217 -13.663494 27.612560
-33.813797 -13.495267 28.868965
-32.658264 -13.360686 29.874092
-31.733839 -13.253021 31.649782
-30.243895 -12.928488 33.070339
-29.051939 -12.668861 34.206779
-28.098375 -12.461162 35.523281
-26.349924 -11.783313 36.576477
-24.951166 -11.241033 37.419037
-23.832159 -10.807210 38.452160
-22.113752 -10.425263 39.278652
-20.739027 -10.119705 39.939838
-19.639246 -10.334617 40.689064
-17.894281 -10.644088 41.767948
-16.570307 -12.412104 41.323296
-15.557203 -14.020434 41.132256
-14.918898 -15.431208 41.084824
-14.691942 -16.898046 40.603291
-14.465578 -18.071518 40.218052
-13.422815 -20.267189 39.029675
-13.383078 -21.272705 38.325512
-13.314653 -23.371887 36.943405
-13.285349 -24.407705 36.288383
-13.125547 -26.550522 34.593819
-13.016462 -27.601852 33.657387
-12.960180 -29.586752 31.630014
-12.984968 -30.501822 30.607433
-13.093466 -32.313766 28.256861
-13.164396 -33.177677 27.030855
-13.328138 -34.788033 24.770559
-13.413736 -35.523418 23.746965
-13.452997 -36.762619 21.582010
-13.429621 -37.283337 20.505148
-13.395960 -38.033169 18.972570
-13.656660 -39.182911 18.006203
-13.930288 -40.389679 16.614733
-14.104914 -40.741489 15.535096
-14.537878 -40.833820 14.442691
-15.461813 -40.849304 13.156714
-16.883924 -40.932903 12.339660
-18.117685 -41.005436 11.630820
-19.093374 -41.142761 10.257028
-19.526724 -41.252621 9.157994
-20.150747 -41.410820 7.575385
-20.550123 -41.512070 6.562514
-20.692122 -41.420143 5.399761
-20.886522 -41.287777 3.725398
-21.010939 -41.203064 2.653805
-21.006563 -41.166290 1.147259
-20.936567 -41.156704 -0.473510
-20.891768 -41.150574 -1.510802
-20.734293 -41.036175 -3.019533
-20.530470 -40.874569 -4.661013
-20.400026 -40.771149 -5.711560
-20.353647 -40.734375 -7.629982
-19.812544 -40.646809 -8.829792
-19.033354 -40.520718 -10.557518
-18.534670 -40.440018 -11.663262
-18.357359 -40.411324 -12.967663
-18.075510 -40.394180 -14.011183
-17.669649 -40.369499 -15.513851
-16.838697 -40.080418 -17.383787
-16.289381 -39.856171 -18.452314
-15.498365 -39.533253 -19.990988
-13.637430 -38.113590 -23.700598
-12.943834 -37.484020 -24.876902
-12.312475 -35.195938 -28.985382
-12.184828 -34.123669 -29.904015
-12.004576 -33.865379 -31.041100
-11.324732 -32.936031 -32.208164
-11.083010 -32.041573 -33.308064
-10.734930 -30.753559 -34.891922
-10.611170 -29.824612 -35.980095
-9.596313 -28.486925 -37.547058
-8.722805 -26.981894 -39.076752
-7.267759 -25.466284 -40.460083
-6.609810 -24.054377 -41.668877
-6.375872 -22.709244 -42.530155
-5.936722 -21.633137 -43.219173
-4.800346 -19.630001 -44.338097
-3.669867 -17.985159 -45.155586
-2.579117 -16.545574 -45.551865
-1.706518 -15.393908 -45.868877
0.496426 -13.078450 -46.784023
1.700315 -11.963152 -47.313255
4.240318 -9.746587 -47.843002
5.501831 -8.687124 -47.928097
6.511041 -7.839554 -47.996174
8.679208 -6.521888 -47.803200
10.413742 -5.467755 -47.648830
11.801370 -4.624448 -47.525333
13.437871 -3.263674 -47.106693
14.747072 -2.175055 -46.771782
15.794434 -1.304160 -46.503853
17.416323 -0.188789 -46.192959
21.114250 2.558250 -45.027863
22.204176 3.470972 -44.453949
23.773668 4.785294 -43.627514
24.778145 6.085817 -42.383472
26.081692 6.752383 -41.623322
27.124529 7.285637 -41.015194
28.626215 8.053521 -40.139500
29.587294 9.324130 -38.987644
30.595409 10.122196 -38.315250
32.047100 11.271411 -37.347008
34.023319 12.762664 -35.514282
35.390083 13.850952 -33.767498
36.264809 14.547457 -32.649555
36.925434 15.516538 -31.110329
37.428871 16.555405 -29.466230
37.751076 17.220280 -28.414005
39.889893 19.417507 -23.506670
40.344208 20.077728 -22.150385
40.738350 20.650503 -20.162056
40.897301 21.903015 -18.548822
40.999027 22.704620 -17.516350
41.064133 23.217649 -16.460291
41.188938 24.130924 -15.115447
41.252838 25.342798 -13.741944
41.539051 25.534061 -12.495553
41.787361 25.699993 -11.414240
41.839462 25.880178 -10.125226
41.830746 26.024328 -9.094015
41.818192 26.231899 -7.609071
41.807304 26.365465 -5.092730
41.922619 26.366039 -3.839947
42.014870 26.366499 -2.837722
42.147713 26.367161 -1.394516
42.232735 26.518764 0.220113
42.307304 26.736732 1.806258
42.355034 26.876232 2.821391
42.307175 26.668970 4.201281
42.213829 26.299084 5.668574
42.154087 26.062357 7.401210
42.115852 25.534061 9.144952
42.102257 24.782202 10.887411
41.738579 24.180714 12.281380
41.447639 23.699522 13.396555
41.214890 22.570299 15.326671
40.698288 22.137905 16.870764
40.285004 21.791990 18.106037
39.237579 21.055899 20.044729
38.410839 20.467026 21.595682
37.749447 19.995928 22.836447
37.220333 19.043400 25.087299
36.192242 18.281380 26.887983
35.369770 17.671764 28.328529
33.328590 16.765417 30.524979
31.695648 16.040337 32.282139
30.389294 15.460273 33.687866
29.344212 14.228690 34.966335
28.300945 13.243423 35.989105
26.255442 11.057108 37.977875
25.286728 9.938625 38.914307
23.130182 7.502330 40.389507
22.024921 6.269125 40.970345
20.332546 3.725774 42.211082
19.686012 2.480345 42.831932
18.111004 0.029873 43.991486
17.264778 -1.133431 44.521786
15.055014 -3.442382 45.122478
13.828787 -4.545031 45.263645
12.131005 -5.950467 45.135181
11.187180 -7.074816 45.032417
9.828071 -9.176495 44.709423
6.176905 -11.703441 44.417454
5.007099 -12.340065 44.461250
2.891378 -13.541719 44.252747
1.192358 -14.538713 43.902061
-0.078138 -15.695621 43.499771
-1.094536 -16.621147 43.177944
-3.017347 -18.122528 42.539505
-4.615307 -19.218313 41.990894
-5.665070 -20.137056 41.234608
-7.176729 -21.460051 39.373093
-8.204672 -22.610291 38.041725
-8.570162 -23.019264 36.795898
-9.519829 -24.340832 35.724270
-10.267614 -25.739025 34.531506
-10.858198 -27.075783 33.362606
-11.961931 -27.994104 32.087677
-12.718718 -29.064447 30.592815
-13.243383 -30.135559 29.213669
-12.914572 -33.575443 26.020613
-12.218462 -35.282600 25.181236
-11.602442 -36.340405 24.232126
-11.344954 -37.460644 23.001625
-11.658575 -37.593094 21.789936
-11.899614 -37.645302 20.379602
-13.977747 -40.625446 13.174884
-13.791094 -41.225277 11.959740
-14.415163 -41.267490 10.629524
-15.308649 -41.455208 9.239552
-15.944746 -41.372162 8.107258
-16.270426 -41.544785 6.746023
-16.605116 -41.838535 5.401695
-16.895475 -42.093372 4.235415
-16.956404 -41.809597 3.025129
-17.699347 -41.400967 1.282316
-18.152426 -41.005699 -1.302544
-18.303564 -40.805725 -2.874700
-18.424475 -40.645744 -4.132423
-18.521204 -40.517757 -5.138603
-19.125296 -40.222984 -7.513834
-20.153425 -39.847443 -10.579037
-20.541758 -39.705593 -12.509226
-20.920630 -39.230690 -13.587103
-21.466208 -38.546833 -15.139247
-21.939528 -37.953548 -17.258263
-21.906622 -36.965412 -18.976957
-21.885561 -36.333012 -20.076921
-21.990072 -35.660427 -21.213310
-22.140570 -34.691910 -22.849712
-22.236887 -34.072060 -24.129345
-22.641253 -32.963642 -25.134182
-22.900049 -32.254253 -26.329456
-23.015276 -31.632784 -27.536175
-24.269300 -30.416534 -26.338537
-23.781172 -29.654041 -27.538383
-23.702562 -29.125250 -28.543316
-22.974485 -28.363792 -29.990417
-21.998812 -27.761618 -31.132557
-21.400244 -26.894485 -32.777237
-20.345160 -26.234856 -34.220882
-19.261106 -25.388226 -35.383190
-18.460306 -23.827091 -36.758678
-17.148474 -22.500286 -37.619354
-16.078276 -21.699347 -39.097527
-15.300325 -21.439257 -40.097897
-14.222574 -20.672188 -40.661030
-12.829912 -19.836102 -41.924545
-11.819853 -19.265129 -42.944183
-10.909586 -18.125017 -43.748669
-9.558952 -16.890970 -44.541599
-8.257614 -16.054253 -45.139187
-7.039030 -15.107396 -46.271362
-6.001703 -13.256870 -47.464157
-4.610094 -11.802618 -47.791725
-3.402796 -10.540973 -48.075916
-2.672394 -9.425997 -48.661201
-1.545752 -7.470740 -49.157848
-1.576845 -6.048089 -49.141823
-1.596745 -4.689865 -49.237171
-1.176041 -3.462419 -49.382687
-0.788656 -2.060292 -49.910839
-1.456686 0.832809 -50.402035
-1.557922 2.065352 -50.117336
-1.228144 3.386987 -49.552372
-1.121767 4.614188 -49.546200
-0.840694 5.792567 -49.466408
0.023510 7.035161 -49.284988
2.504826 9.893537 -48.765305
3.492075 11.188485 -48.318512
4.462122 12.538091 -47.668285
5.865986 13.700075 -47.048721
7.359946 14.639291 -46.510201
8.656040 15.454109 -46.043003
9.558076 17.040220 -45.887218
10.197439 18.148920 -45.005295
11.966638 19.244896 -44.072701
13.098925 19.946321 -43.475849
13.823588 21.139505 -42.547714
15.466733 21.692659 -41.516792
16.518345 22.046673 -40.857002
17.191378 22.273245 -39.692467
18.500278 22.609650 -38.948505
19.547398 22.878775 -38.353340
21.055250 23.266310 -37.496300
22.020277 23.991133 -36.124058
23.561798 24.460758 -35.270035
24.795013 24.836458 -34.586823
26.570845 25.377468 -33.602989
27.202251 25.622156 -31.816916
28.485777 25.817909 -30.388056
29.512598 25.974512 -29.244968
30.991219 26.200022 -27.598921
32.654335 26.530413 -25.284189
33.508244 26.730581 -23.900612
34.191372 26.890718 -22.793751
35.175072 27.121315 -21.199871
36.364643 27.309601 -18.996977
37.036491 27.394636 -17.688034
37.573967 27.462666 -16.640879
38.347939 27.560627 -15.132974
39.196075 27.762871 -12.523447
39.654434 27.896805 -10.864740
40.021126 28.003952 -9.537775
40.314476 28.089670 -8.476203
40.736900 28.213104 -5.550496
41.010292 28.443058 -3.889336
41.229012 28.627024 -2.560408
41.403984 28.466015 -0.151518
41.555164 28.337212 1.775595
41.676109 28.234167 3.317284
41.772861 27.977295 5.555421
41.536667 27.771795 7.345931
41.347710 27.607397 8.778337
40.479744 27.074667 11.134231
40.244568 26.648485 13.018946
40.056431 26.307537 14.526716
39.905922 25.901045 16.342443
39.634312 25.575850 17.795025
39.417023 25.315693 18.957090
38.577732 24.470081 21.526623
38.045361 23.960091 22.838528
37.619465 23.552101 23.888052
36.367775 22.307535 26.832619
35.638996 21.573000 28.516575
35.055973 20.985371 29.863741
34.589554 20.515270 30.941471
33.917912 19.838324 32.493408
33.107903 18.562624 33.422382
32.459900 17.542065 34.165558
31.526772 16.072458 35.235737
30.156771 14.067830 36.865086
29.326191 12.882149 37.864159
28.130159 11.174770 39.302822
27.364698 10.082047 41.768467
26.162933 8.995767 42.601555
24.432394 7.431523 43.801197
23.324848 6.430407 44.568970
22.778419 5.312891 45.000610
22.558624 4.216241 45.276848
21.963928 3.018680 46.120789
20.877426 1.612422 46.960411
19.084068 0.560578 47.161152
17.936319 -0.112603 47.289627
16.492584 -1.481601 47.319618
15.471370 -2.204574 47.309570
14.800993 -3.568546 47.119083
14.358512 -5.162504 46.849930
14.075324 -7.083907 46.870781
13.683434 -8.167637 46.964024
13.119115 -9.728208 47.098282
12.271135 -12.117095 46.771214
11.881684 -13.229194 46.440811
11.320874 -14.830616 45.965038
10.961956 -15.855526 45.660538
9.744408 -17.317377 44.998569
8.688117 -18.585615 44.424278
8.495566 -20.261917 43.664650
7.954239 -21.393433 43.025997
7.517069 -23.070038 41.797142
6.784936 -24.191359 41.295113
7.747849 -25.237064 40.944668
8.992054 -24.989595 40.713196
10.107671 -25.061081 40.727921
11.393035 -25.183474 40.681305
13.074551 -26.580271 39.311005
14.221269 -27.373453 38.953663
15.475726 -26.884003 38.723003
16.010021 -25.662966 39.151848
15.384911 -24.415253 39.893230
13.891542 -23.897833 40.425858
12.847386 -23.699898 40.706284
12.564778 -25.017330 40.327129
14.156301 -25.841528 39.545578
13.701457 -22.556225 42.023930
12.823690 -21.426336 42.258888
13.137368 -20.221064 42.608524
14.055151 -19.114185 42.345005
14.379179 -20.135748 42.412785
13.837116 -18.496778 43.435398
14.568064 -17.360647 43.588573
14.922194 -16.346231 43.646069
15.313040 -15.307898 43.551807
15.723272 -14.218063 43.452869
16.490566 -13.207332 43.866608
15.276720 -18.580645 42.335838
15.184378 -20.082022 41.327316
14.889382 -21.306383 40.644371
14.328424 -22.628456 40.166290
13.476707 -28.059156 37.875885
13.516569 -29.240980 36.502361
13.707841 -30.636959 35.381916
13.588334 -32.042072 34.471722
12.468010 -33.516994 32.917000
11.948123 -34.856342 31.677572
10.647715 -36.029839 30.688812
9.896093 -37.398392 29.507441
8.866256 -38.454521 28.084526
7.768120 -39.274651 26.640390
7.332871 -39.851166 25.592846
6.706113 -40.681351 24.084379
6.234428 -41.913914 22.298840
6.111752 -42.731831 20.712542
6.176598 -43.278553 19.342468
6.066898 -43.691257 17.591187
6.405492 -44.257744 16.014744
6.949231 -44.862186 14.641319
7.206504 -45.008305 13.593958
7.297978 -45.060261 12.449117
7.772422 -45.449066 11.376261
8.297726 -45.942276 10.095795
8.805380 -46.097282 8.892503
8.984679 -46.318596 7.611859
8.982951 -46.557922 6.339641
9.475765 -46.920418 5.163336
9.695966 -46.901222 4.160662
9.760734 -46.795902 2.843060
10.185226 -46.654068 1.459081
10.392217 -46.601963 0.170054
10.412149 -46.660801 -0.863826
10.410611 -46.745533 -2.352612
10.410065 -46.508190 -3.763031
10.544027 -46.318310 -4.891366
10.563334 -46.230957 -6.851098
10.436810 -46.323902 -8.373269
10.201424 -46.252289 -9.472699
9.862468 -45.404888 -11.505467
9.141535 -44.947445 -13.166110
8.885203 -44.784801 -14.652720
8.646539 -44.625607 -15.842009
8.302861 -44.396374 -17.554585
8.138907 -43.976379 -19.248072
8.078776 -43.488949 -20.331903
8.026609 -43.066078 -21.534700
7.581016 -41.963058 -22.737093
7.575756 -41.275635 -24.192410
7.782728 -40.471523 -25.310236
8.174298 -39.844677 -26.849331
8.786046 -39.213924 -27.981087
9.295260 -38.440929 -29.244884
9.952149 -37.768509 -30.322104
10.964052 -37.035389 -30.748653
11.837348 -36.031208 -31.825745
12.601814 -35.573090 -33.054310
14.073273 -34.493874 -33.777306
15.099344 -33.707706 -34.001972
16.431093 -32.562080 -34.399426
17.602909 -31.532778 -34.779182
18.733059 -30.876757 -34.983139
18.976278 -30.943365 -36.110703
17.825930 -30.398100 -36.718666
18.853182 -29.853325 -36.634178
20.248072 -29.415878 -36.841408
21.415203 -29.013802 -36.821949
23.122925 -27.758051 -36.935421
24.190308 -26.952675 -37.093945
25.296793 -26.334896 -37.260574
25.298828 -25.280142 -37.206341
24.978418 -24.346703 -38.381741
23.755781 -23.663105 -39.362000
22.717211 -22.935514 -39.871262
21.646183 -22.253998 -39.289085
21.226820 -21.176558 -39.682961
21.495041 -20.147186 -40.470886
22.084566 -18.217823 -41.397461
22.598398 -16.725510 -41.747398
22.927252 -15.485513 -42.185589
23.682037 -14.463980 -42.637417
24.653460 -12.723095 -43.051311
25.109371 -11.492401 -43.082859
25.504898 -10.424706 -43.110222
26.279251 -8.922463 -42.865288
26.951046 -7.619186 -42.652798
27.893585 -6.539653 -42.198383
29.047852 -5.378928 -41.608234
30.049240 -4.371935 -40.960464
31.099350 -3.490696 -40.322659
32.176464 -2.443427 -39.994312
33.228176 -1.575690 -39.218838
33.153484 0.332085 -39.926094
32.303307 1.373913 -40.474415
31.364128 4.037038 -40.596714
30.911720 5.126643 -40.376781
31.327446 6.448726 -39.664570
32.426003 6.884103 -38.830338
33.281895 7.329474 -37.177269
34.361168 7.757120 -36.059277
35.374466 8.166876 -34.936417
36.582973 8.179090 -34.088036
37.804420 7.986885 -33.441277
38.737343 8.240660 -31.946526
39.687828 9.591192 -30.763805
40.027847 10.915289 -29.806892
40.200661 12.176713 -28.762379
40.334904 13.352050 -28.309528
40.528214 15.044536 -27.428104
40.479347 16.064960 -27.012789
40.408981 17.534376 -26.414732
39.527306 20.170351 -25.651787
39.213821 21.107586 -24.608070
38.890232 22.613277 -23.715765
38.631363 23.817831 -23.001926
38.424263 24.781473 -21.652369
38.426590 25.848934 -20.572723
38.429932 27.386078 -18.384388
38.563110 28.976898 -16.476934
38.610466 30.286798 -14.546517
38.749149 30.869549 -13.002186
38.860096 31.335747 -11.766719
38.948853 31.708706 -9.722265
39.215858 32.344322 -8.086703
39.429462 32.852818 -6.778253
39.600346 32.916546 -4.744812
39.507454 32.967533 -3.118060
39.433136 33.008320 -1.816657
39.373688 33.000248 -0.440607
39.348526 32.993793 0.660232
39.312294 32.874016 2.755378
39.077423 32.708973 4.504220
39.016708 32.634743 5.862456
39.111130 32.040665 7.863240
39.172081 31.586508 9.077526
38.761444 31.217447 10.759714
38.099922 31.209185 11.783210
37.517513 31.194616 13.031208
36.678844 31.173639 14.828329
36.172337 31.118349 16.011072
34.704754 31.865824 17.167519
33.325703 33.012810 17.528973
32.181686 33.833973 18.075621
31.005995 34.568840 17.266804
30.404753 35.981133 16.355091
29.560759 37.164101 16.564560
27.944168 38.731461 16.130985
26.923103 39.576717 15.740415
25.574102 40.504932 15.302166
24.447542 40.924553 16.287170
22.887962 41.151752 17.478458
21.740465 41.374840 18.023464
19.850544 41.903576 17.886709
19.323984 41.690598 18.918909
19.630213 41.012955 20.088724
19.825649 39.146542 22.597439
20.025295 38.253887 23.821911
20.374386 36.346302 26.046806
20.647083 34.627708 27.840067
20.811241 32.725807 29.446247
20.942570 31.204281 30.731190
21.047630 29.987061 31.759144
21.086880 27.931765 33.344902
21.118280 26.287527 34.613510
21.143400 24.972136 35.628395
21.090694 23.268583 36.675655
21.048532 21.905741 37.513474
21.014801 20.815468 38.183720
20.691017 19.396673 38.888893
20.431990 18.261635 39.453033
20.224768 17.353603 40.676792
19.862989 15.772428 41.399323
18.753599 12.435943 42.794605
17.303482 9.651018 43.927113
16.352104 8.066024 44.568092
15.290743 5.684024 44.821407
14.671951 4.558429 44.858013
14.471926 3.541502 45.408272
14.500709 1.909157 45.669922
14.811450 0.206239 45.764954
14.921936 -0.829528 45.484940
15.282635 -2.321031 45.081715
15.706442 -4.537195 44.326965
15.901198 -6.222026 44.900032
15.313522 -8.091110 44.711601
15.105194 -9.107136 44.397842
14.430000 -10.977238 43.930950
13.697717 -12.499724 43.620071
13.599749 -14.012098 43.126335
13.521375 -15.221996 42.731342
13.223716 -17.755043 42.038845
13.035748 -19.007143 41.737637
12.885374 -20.008825 41.496674
12.854675 -21.310230 41.098721
12.830116 -22.351351 40.780350
13.369310 -24.227358 39.159618
13.932795 -25.375671 38.224945
15.302492 -26.384922 37.051579
16.503950 -26.840242 36.105156
17.627964 -26.277657 36.602139
18.965166 -25.537394 36.546257
20.290241 -25.637989 35.338589
21.363775 -25.412352 35.009277
22.925234 -25.849915 33.802937
23.973066 -26.553658 33.108143
25.489607 -27.709763 31.818977
26.037624 -28.263792 30.540331
27.018629 -28.758629 29.372137
28.125000 -29.531645 28.029314
28.518375 -29.806498 26.779419
29.508196 -30.568605 25.229410
29.860132 -30.839577 23.954124
30.567282 -31.126129 22.933897
31.585577 -31.562027 20.592751
32.591637 -31.727346 19.372776
34.040367 -32.023560 16.912968
34.807468 -32.154720 15.725902
35.912094 -32.174969 13.262184
36.691254 -32.107224 12.050932
37.813240 -32.131779 9.808864
38.161766 -32.194778 8.790410
39.380447 -32.140133 6.343190
39.561134 -32.056099 5.037224
39.705681 -31.988869 3.992452
39.843719 -31.900198 2.921280
40.042496 -31.772509 1.378790
39.681976 -32.058548 0.042816
39.393555 -32.287373 -1.025964
38.894230 -32.686661 -3.192620
38.679359 -32.859642 -4.241926
38.498749 -32.940109 -6.069751
38.486195 -32.856709 -7.493018
38.286640 -32.342812 -9.137131
38.215691 -32.160095 -10.494150
37.861519 -32.284237 -11.867115
37.080448 -32.450901 -13.180312
36.137043 -32.627350 -15.273573
35.818409 -32.544716 -16.420158
35.359577 -32.425732 -18.611353
34.983639 -32.208984 -19.630493
34.442284 -31.896870 -21.870502
34.438538 -30.922607 -22.987888
34.437206 -29.831928 -23.910202
34.704941 -28.558174 -24.648056
34.919128 -27.539171 -25.238337
35.090477 -25.235418 -26.277828
35.445961 -23.345900 -27.109421
35.730343 -21.834286 -27.774696
35.957851 -19.886536 -28.439680
36.335857 -18.328335 -28.971668
36.638260 -17.081772 -29.397259
36.880184 -15.241402 -30.196371
37.084923 -13.769104 -30.835661
37.248714 -12.591266 -31.347094
37.379745 -10.683765 -31.713997
37.506973 -9.157763 -32.007519
37.608753 -7.936963 -32.242336
36.973381 -5.477589 -33.166428
36.313881 -3.510089 -33.905704
35.786278 -1.936090 -34.497124
34.647400 0.718626 -35.181473
34.005096 2.842397 -35.728954
33.491249 4.541415 -36.166939
31.309877 9.730185 -36.699879
30.467077 11.575080 -36.889362
29.132038 14.295329 -36.543091
28.064007 16.471529 -36.266068
27.209579 18.212488 -36.044449
25.450840 20.768187 -35.369289
24.043848 22.812746 -34.829166
21.289780 25.797613 -34.147934
19.987000 26.876989 -33.948635
18.944775 27.740488 -33.789192
17.455795 29.245337 -33.106445
16.264612 30.449217 -32.560246
14.179708 32.857304 -31.550432
13.274141 34.013287 -31.092150
11.124526 36.026787 -29.807627
9.984396 36.897755 -29.073309
8.057010 38.652012 -27.499922
6.595002 40.174778 -25.280571
5.711178 41.065083 -24.136091
4.438471 42.347130 -21.715591
3.829151 43.209991 -20.146559
3.341696 43.900284 -18.891329
2.951733 44.452515 -17.114700
3.014961 45.022221 -15.805039
3.065544 45.477985 -14.757310
3.106010 46.586876 -12.534154
3.625584 46.886703 -10.755629
4.041243 47.126572 -9.332808
4.373770 47.318462 -7.802294
5.362192 47.553387 -6.577882
6.785519 47.670715 -3.493120
7.778790 47.614223 -1.808934
8.573408 47.569031 -0.461585
9.209102 47.340992 1.180543
10.087257 47.158566 2.494245
10.789782 47.012627 3.545207
11.351801 46.587696 5.402831
12.249416 46.247749 6.888929
12.967508 45.975796 8.077809
14.258782 45.124435 9.535831
15.532602 44.443348 10.702249
16.551657 43.898479 11.635384
18.800501 42.503166 13.006488
20.437178 41.386913 14.103370
21.746517 40.493912 14.980877
24.216389 38.378185 15.743228
26.192287 36.685600 16.353111
27.773006 35.331535 16.841017
30.191181 33.067909 16.796841
32.125721 31.257008 16.761499
33.673351 29.808289 16.733225
35.852257 27.277058 16.855440
37.595383 25.252069 16.953213
38.989880 23.632080 17.031429
41.632999 19.153696 16.872499
42.572777 17.561382 16.815992
43.643795 14.921085 16.716473
44.500610 12.808850 16.636858
45.186066 11.119062 17.345613
45.353630 8.261239 17.994085
45.487679 5.974981 18.512865
45.594917 4.145975 18.927887
45.378311 1.211665 18.849543
45.205025 -1.135783 18.786867
45.066395 -3.013741 18.736725
44.165894 -5.789515 19.595787
43.445488 -8.010135 20.283039
42.869167 -9.786631 21.605288
41.086510 -12.207946 22.810938
39.660385 -14.144998 23.775457
38.519482 -15.694638 25.319521
36.537163 -17.475113 26.485371
34.951305 -18.899494 27.418051
33.682617 -20.038998 28.843103
30.987671 -21.125040 29.983149
28.831713 -21.993876 30.895184
27.106945 -22.688942 32.487778
24.444733 -23.454323 33.761856
22.314960 -24.066628 34.781116
20.611145 -24.556469 36.106461
17.288092 -24.244774 37.166737
14.629648 -23.995417 38.014961
9.664691 -23.552610 39.214680
5.577679 -23.042442 39.955338
3.161318 -22.760263 40.206615
1.228230 -22.534519 40.407639
-1.035040 -21.522430 40.646904
-3.450457 -20.712759 40.838314
-7.645456 -18.947926 41.119987
-9.533989 -18.054247 41.222824
-11.044817 -17.339306 41.305092
-12.970278 -16.383583 41.244171
-17.571074 -13.519506 41.138332
-19.314653 -12.113745 41.027157
-21.439379 -8.975594 39.965096
-21.788126 -7.513580 40.462765
-21.596926 -6.484858 40.865749
-22.785955 -5.990113 40.165302
-24.705137 -4.829525 39.236698
-26.488932 -3.509936 38.584454
-27.431170 -2.092961 37.773212
-28.184961 -0.959382 37.124214
-29.716841 3.472232 35.987732
-30.047098 6.214024 35.581169
-30.120905 7.878326 35.255928
-30.179949 9.209768 34.995728
-30.227182 10.274920 34.998787
-29.872972 11.650361 35.001228
-29.589602 12.750714 35.003185
-29.362906 14.258980 34.651714
-29.131151 15.465592 34.370544
-28.797422 17.203114 34.047123
-28.654394 18.336056 33.905312
-29.830698 19.825184 32.445869
-30.565611 21.272470 30.615667
-31.000513 22.006723 29.566637
-31.626776 23.180346 28.704765
-32.205704 24.499081 27.951479
-32.912178 25.182480 26.913704
-32.336311 26.314497 26.528744
-32.128883 27.359583 25.601242
-32.488930 28.359871 23.800690
-32.835968 28.862835 22.624071
-34.041298 29.517324 19.294325
-34.783463 29.719023 17.383564
-35.377197 29.880379 15.854955
-36.193779 30.050167 12.779401
-36.847046 30.185997 8.774062
-36.322464 31.161043 5.681436
-35.902794 31.941082 3.207334
-35.567062 33.675709 0.147833
-33.713676 35.063408 -2.299768
-32.230965 36.173569 -4.257848
-29.784796 37.805973 -4.327696
-27.827860 39.111893 -4.383574
-26.262312 40.156628 -4.428277
-23.996275 41.579697 -3.353645
-22.183443 42.718155 -2.493941
-20.733179 43.628918 -1.806177
-18.436167 44.479641 0.270825
-16.598558 45.160213 1.932426
-15.128473 45.704674 3.261708
-12.513205 46.099541 5.516995
-10.420988 46.415432 7.321225
-8.747215 46.668144 8.764607
-5.616196 46.056267 11.120229
-3.111382 45.566769 13.004726
-1.107529 45.175163 14.512324
2.685152 43.530327 16.892160
5.719297 42.214458 18.796030
8.146614 41.161762 21.091572
11.718067 38.767097 22.834467
14.575230 36.851368 24.228783
16.860960 35.318779 26.116684
19.893543 32.144806 27.014477
22.319611 29.605629 27.732712
24.260464 27.574284 28.307301
26.345146 24.036192 29.138107
28.012894 21.205717 29.802752
29.347092 18.941339 30.334469
30.414448 17.129837 30.759842
31.268333 15.680634 31.100142
31.951443 13.829329 31.969820
31.876331 12.348286 32.665565
31.816240 11.163450 33.222160
31.729710 9.457288 34.023655
31.698944 7.176034 34.432343
31.741531 5.351033 34.759296
31.775600 3.891031 35.020855
31.802856 2.723029 35.230103
31.842106 1.041108 35.531422
31.856060 -0.051153 35.901066
31.251194 -1.624009 36.433357
30.864080 -2.630639 36.774021
30.101128 -4.158707 37.465778
29.200678 -5.843731 38.287479
28.624390 -6.922147 38.593102
27.831488 -8.631322 38.603874
27.197166 -9.998662 38.612488
26.689709 -11.092534 38.619381
25.443769 -13.487575 37.833321
24.771791 -14.703528 37.818020
23.804142 -16.454504 37.795994
23.184847 -17.575129 38.554337
21.518419 -18.281858 38.419312
20.451904 -18.734169 38.332893
19.022644 -19.789442 37.752811
17.947407 -20.892185 37.401222
15.665241 -21.974037 38.319412
14.585768 -22.074162 38.725883
13.031327 -22.218344 39.311203
11.728237 -22.548712 39.784843
10.685765 -22.813007 40.163757
9.184606 -23.193590 40.709389
6.919064 -22.704517 40.738148
4.425278 -22.391512 40.756557
0.584759 -21.173340 41.547123
-1.223558 -20.027674 42.247700
-5.810276 -19.023071 42.285553
-6.884247 -19.957603 41.584984
-8.430763 -21.303333 39.803722
-10.386236 -22.101622 38.902508
-11.950613 -22.740252 38.181541
-15.860918 -23.479624 35.834415
-17.987959 -23.662401 34.999882
-19.689592 -23.808620 32.787354
-22.271700 -23.663939 31.222513
-24.337385 -23.548191 29.970642
-25.989935 -23.455593 27.424250
-28.633574 -22.945419 25.601374
-30.748484 -22.537275 24.143070
-32.440414 -20.722216 21.509983
-34.471558 -19.642303 19.403515
-36.096466 -18.778376 17.718340
-37.396400 -16.598682 14.417960
-39.427544 -14.709563 11.777656
-41.052460 -13.198267 9.665414
-42.352394 -10.500682 8.325634
-44.990379 -6.364966 6.396353
-45.928329 -2.905882 5.321145
-46.603615 2.075201 3.772846
-46.843719 5.398762 2.280919
-46.733398 8.057611 1.087378
-46.645142 10.184690 0.132544
-46.574539 13.590043 -0.142508
-45.672455 16.314327 -0.362549
-44.950790 18.493755 -0.538583
-42.939857 21.853765 -0.468193
-41.269508 24.541775 -0.411882
-39.933235 26.692181 -0.366833
-38.147408 29.528919 -1.374804
-36.242752 31.798311 -2.181182
-34.719025 33.613823 -2.826284
-32.100044 35.984947 -2.916915
-30.004862 37.881847 -2.989421
-28.328714 39.399368 -1.876685
-24.775797 41.002960 -0.986496
-21.933462 42.285835 -0.274345
-19.659594 43.312138 1.692420
-16.255701 44.080849 3.265831
-13.532587 44.695812 4.524560
-11.354094 44.530735 7.287654
-4.618504 44.293018 11.266509
-2.223627 43.464222 14.769236
1.148273 42.149940 17.571417
3.845795 41.098522 19.813164
7.437411 38.245518 22.774282
9.907505 35.963112 25.143177
11.883579 34.137192 27.038292
14.898039 30.240120 28.729395
17.623207 27.122463 30.082273
19.803341 24.628336 31.164576
22.264250 20.324619 32.407593
23.734575 16.881649 33.402004
24.910835 14.127272 34.197536
25.135044 9.923532 34.827923
25.874411 6.560541 35.332233
26.465904 3.870147 35.735687
26.222300 0.723528 36.592518
25.792215 -1.793766 37.277985
25.448147 -3.807601 37.826363
20.900530 -6.048144 40.392040
19.283600 -6.844781 41.304287
16.450054 -7.040178 42.157795
14.183220 -7.196496 42.840599
12.369751 -7.321549 43.386848
8.964576 -5.735346 44.074280
6.240437 -4.466384 44.624229
4.061125 -3.451214 45.064186
1.444075 -1.383115 45.292446
-0.649565 0.271364 45.475048
-2.324476 1.594948 45.621132
-3.698006 3.723708 45.421173
-4.796829 5.426718 45.261211
-5.675888 6.789124 45.214710
-4.940174 11.042845 46.210659
-3.186563 9.845809 46.460064
-1.783676 8.888182 46.659588
-0.661366 5.889255 46.348495
1.227684 3.274972 46.099628
2.738922 1.183546 45.900520
3.947914 -0.489594 45.173981
4.640707 -4.770317 44.592739
5.194941 -8.194894 44.127754
5.638329 -10.934556 42.630280
4.777838 -14.946269 41.432304
4.089445 -18.155640 40.473919
3.538731 -21.845362 38.497253
1.244560 -24.797138 36.915913
-0.590776 -27.158562 35.650841
-2.059046 -28.960480 33.884441
-7.015915 -31.555241 29.795933
-10.105558 -32.576672 28.050896
-14.554644 -34.047535 24.765596
-17.581339 -33.901825 22.883045
-20.002695 -33.785255 21.377003
-21.939779 -33.691998 20.172167
-23.489447 -33.024300 18.493183
-26.000383 -32.490143 17.149996
-28.009130 -32.062817 16.075447
-29.616129 -31.720955 15.215807
-30.901728 -31.447464 14.528096
-31.930208 -30.071560 12.559760
-33.940193 -28.970837 10.985091
-35.548180 -28.090256 9.725356
-36.834564 -27.385794 8.717569
-37.863678 -26.822222 7.911339
-40.062393 -24.655869 4.982189
-41.123543 -23.283472 3.154855
-41.972458 -22.185553 1.692987
-42.651588 -21.307219 0.523493
-43.629539 -20.042418 -1.160577
-44.694054 -18.168121 -3.503399
-45.136871 -16.668688 -5.377657
-45.491119 -15.469137 -6.877063
-45.774521 -14.509499 -8.076588
-46.182617 -13.127619 -9.803904
-46.355721 -10.391830 -11.564663
-46.494202 -8.203199 -12.973269
-46.604988 -6.452296 -14.100155
-46.693619 -5.051573 -15.001663
-46.764519 -3.930995 -15.722870
-46.911423 -0.753223 -15.561095
-46.983566 1.071825 -15.588062
-47.041275 2.531862 -16.382084
-46.572243 5.676871 -16.724615
-46.197021 8.192880 -16.998642
-45.896843 10.205686 -17.217861
-45.656700 11.815931 -17.393236
-45.464584 13.104126 -16.960236
-44.386894 16.134922 -16.613838
-43.524742 18.559559 -16.336718
-42.835022 20.499268 -16.115021
-42.283241 22.051035 -15.937665
-41.841820 23.292448 -15.795779
-40.298965 26.382561 -15.249294
-39.347198 28.060148 -15.054989
-38.585785 29.402216 -14.899544
-37.976654 31.900463 -14.536816
-35.882149 33.899059 -14.246634
-34.206543 35.497936 -14.014487
-32.866058 36.777039 -13.828772
-31.793673 37.800320 -13.680198
-30.935762 39.241108 -13.851007
-28.995035 40.393742 -13.987654
-27.442453 41.315845 -14.096972
-26.200388 42.053528 -14.184425
-24.411814 43.115795 -14.310359
-21.625475 44.167988 -12.559799
-19.894804 45.009739 -11.159351
-18.510267 45.683144 -10.038993
-15.252237 46.559113 -8.056452
-12.533815 47.259892 -6.470419
-10.359076 47.820511 -5.201593
-8.619286 48.269012 -4.186532
-7.227453 48.627808 -3.374483
-6.113987 48.914845 -2.724844
-3.033613 48.580460 -0.542560
-0.569315 48.312946 1.203267
1.402124 48.098938 2.599928
2.979275 47.927731 3.717257
4.240995 47.790764 4.611120
5.250372 46.936916 7.365955
7.457873 45.881702 9.569822
9.223874 45.037533 11.332916
10.636675 42.664322 14.463295
12.685315 40.765751 16.967596
14.324228 39.246895 18.971039
16.352158 35.874577 22.182051
17.744902 33.176720 24.750862
18.859097 31.018435 26.805910
19.750454 26.995024 29.705177
20.852566 21.201317 33.880119
21.244429 16.373560 35.219711
21.944319 12.511354 36.291382
22.504230 9.421590 37.148716
21.742559 4.530886 37.864761
21.133224 0.618324 38.437599
20.645754 -2.511727 38.895866
18.312580 -6.376393 39.377140
16.446039 -9.468125 39.762161
14.952806 -11.941512 40.070179
11.546221 -13.873704 40.084255
8.820952 -15.419457 40.095516
6.640738 -16.656059 40.104519
3.210966 -16.831293 40.736324
0.467148 -16.971479 41.241760
-1.727907 -17.083628 41.646118
-4.833551 -15.719686 41.924343
-9.305677 -13.755610 42.324974
-11.679766 -11.382653 42.292419
-13.579039 -9.484288 42.266373
-15.098455 -7.965597 42.245537
-15.574789 -5.110913 42.548706
-15.955854 -2.827167 42.791245
-16.260710 -1.000170 42.985275
-15.798994 1.496434 43.508621
-15.429621 3.493718 43.927299
-15.134123 5.091544 44.223011
-13.044123 6.259327 44.459579
-11.372122 7.193553 44.648834
-10.034521 7.940934 45.032581
-4.207417 6.808761 45.585171
-2.135557 6.406211 45.199295
1.325130 4.473515 44.890594
4.093679 2.927357 44.643631
6.308519 1.690432 44.120182
8.589992 -1.555190 43.701427
10.415169 -4.151689 43.366425
11.875311 -6.228887 43.098423
12.668224 -9.507116 42.199078
13.302555 -12.129700 41.479599
13.810019 -14.227767 40.904015
14.215991 -15.906219 40.443550
14.540769 -17.248981 40.075176
14.800591 -18.323193 39.008034
14.095648 -20.182680 38.766842
12.199861 -25.183361 37.671642
10.721464 -26.793041 37.251160
9.538747 -28.080786 36.914776
8.592573 -29.110979 36.645664
4.836042 -31.174252 35.484901
2.920809 -31.638084 35.148735
1.388622 -32.009151 34.879803
0.162874 -32.306004 34.335758
-3.102526 -32.479527 33.900528
-5.714846 -32.618343 33.552341
-7.804701 -32.729397 33.273792
-9.476585 -32.818241 33.050953
-10.814093 -32.145042 32.106266
-13.625700 -31.554148 31.350521
-15.874983 -31.081434 30.745924
-17.674410 -30.703264 30.262245
-19.113951 -30.400726 29.875303
-20.265585 -30.158699 29.565750
-23.337294 -29.348722 27.740021
-25.794661 -28.700743 26.279438
-27.760553 -28.182360 25.110971
-29.333269 -27.767653 24.176199
-31.308241 -26.662537 21.623991
-33.330620 -25.778446 19.582226
-34.948517 -25.071175 17.948812
-36.242844 -24.505356 16.642082
-37.278297 -24.052702 15.596700
-39.771759 -21.970476 11.912802
-41.103828 -20.594397 9.634730
-42.169495 -19.493530 7.812274
-43.022018 -18.612839 6.354309
-43.704041 -17.908285 5.187936
-44.249657 -17.344643 1.165049
-44.590950 -15.242369 -1.501082
-44.863983 -13.560551 -3.633986
-45.082413 -12.215096 -5.340310
-45.257156 -11.138732 -6.705369
-45.396950 -10.277642 -9.342311
-45.077583 -7.001253 -12.157929
-44.822090 -4.380142 -14.410425
-44.323372 0.736266 -18.807295
-44.218719 1.809873 -20.375635
-43.194199 4.738773 -21.630306
-42.374580 7.081892 -22.634043
-41.718887 8.956387 -23.437035
-41.194336 10.455984 -24.079426
-40.774689 11.655661 -24.593340
-40.438980 14.848225 -26.283836
-37.353607 17.518572 -27.636234
-34.885307 19.654850 -28.718153
-32.910675 21.363873 -29.583687
-31.330961 22.731087 -30.276115
-30.067194 23.824862 -30.830057
-24.576181 25.984917 -31.774096
-20.183371 27.712959 -32.529324
-16.669123 29.095392 -30.529516
-9.825724 30.939798 -28.929668
-4.351004 32.415325 -27.649790
0.028772 33.595745 -24.308546
6.601394 34.045834 -21.457525
11.859490 34.405910 -19.176708
16.065968 34.693966 -17.352057
21.211950 33.104427 -13.816381
25.328735 31.832802 -10.987842
28.622166 30.815498 -8.725009
32.304108 27.210625 -5.025868
35.249664 24.326729 -2.066556
37.606106 22.019613 0.300895
39.491261 20.173920 2.194854
40.999382 18.697363 3.710023
42.205883 17.516121 4.922158
43.165482 13.570769 6.969067
43.933159 10.414488 8.606594
44.547302 7.889462 9.916615
45.038620 5.869442 10.964634
45.431671 4.253427 11.803048
45.746113 2.960615 12.473780
45.107265 -0.696039 13.438831
44.596188 -3.621363 14.210873
44.187325 -5.961622 14.828506
43.860237 -7.833829 15.322613
43.598564 -9.331595 15.717897
43.389229 -10.529807 15.744457
42.090561 -13.924712 15.765706
41.051620 -16.640638 15.782705
40.220474 -18.813375 15.796304
39.555557 -20.551569 15.807183
39.023621 -21.942122 15.815886
38.598072 -24.543114 16.109499
36.476833 -26.955339 16.344391
34.779842 -28.885124 16.532303
33.422249 -30.428947 16.682632
32.336174 -31.664007 16.802896
31.467316 -33.396332 18.275030
28.347429 -34.433311 19.452734
25.851519 -35.262897 20.394899
23.854790 -35.926563 21.148630
22.257408 -36.457497 21.751617
20.979502 -36.882244 22.234007
19.957178 -37.716290 22.381544
17.526518 -38.383518 22.499575
15.581989 -38.917309 22.593998
14.026367 -39.344334 22.669540
12.781869 -39.685963 22.729971
8.839393 -39.416180 23.767466
5.921890 -38.981716 24.558784
3.587887 -38.634148 25.191841
-0.429716 -36.541924 26.440559
-3.638197 -34.868141 27.439531
-6.204983 -33.529118 28.238712
-8.258411 -32.457897 28.878054
-9.901155 -31.600922 29.389530
-11.215349 -30.915340 29.798712
-15.718508 -26.128817 31.962996
-17.319632 -24.426941 32.732521
-18.600531 -23.065441 33.348141
-19.625250 -21.976240 33.840637
-20.445024 -21.104881 35.007084
-20.854445 -18.599440 36.003601
-21.181982 -16.595085 36.800816
-21.444010 -14.991603 37.438587
-21.653631 -13.708817 37.948811
-21.821329 -12.682588 38.356983
-20.054426 -4.750724 41.809494
-18.522879 -3.281575 43.686546
-16.936728 -3.299974 44.126965
-15.667807 -3.314692 44.479298
-14.652670 -3.326467 44.761169
-13.000559 -4.330191 45.013821
-11.678873 -5.133170 45.215942
-10.621523 -5.775552 45.377640
-9.582779 -6.941311 45.556171
-9.612959 -7.980450 45.372017
-10.951624 -7.562508 44.848179
-12.033323 -6.992193 44.667030
-13.590971 -5.426664 43.754425
-16.966745 -3.975836 42.648952
-18.167021 -4.204260 41.911919
-21.286459 -4.344797 40.850582
-22.395594 -4.644795 39.178768
-24.604498 -4.884794 37.841320
-26.371622 -5.076793 36.771358
-27.785322 -5.323426 33.878658
-30.383482 -5.520733 31.564499
-32.462013 -5.678578 29.713173
-34.018433 -6.938711 27.631655
-35.263573 -7.946816 25.966442
-36.259682 -8.753300 24.634272
-37.773369 -8.875170 21.471462
-39.320320 -8.972665 18.941214
-40.557877 -9.050661 16.917017
-41.839127 -8.432745 12.974281
-42.864128 -7.938413 9.820092
-43.684128 -7.542946 7.296741
-44.356926 -5.679878 3.959469
-44.895164 -4.189423 1.289651
-45.325760 -2.997059 -0.846204
-45.188637 -0.234815 -4.157112
-45.078934 1.974982 -6.805839
-44.991173 3.742818 -8.924821
-42.820961 7.337578 -12.554142
-41.084793 10.213386 -15.457599
-39.695854 12.514031 -17.780363
-36.255112 16.447823 -19.976522
-33.502510 19.594854 -21.733448
-31.300436 22.112480 -23.138990
-26.201174 26.057041 -23.509081
-22.121763 29.212690 -23.805153
-18.858236 31.737209 -24.042009
-13.005014 34.216183 -23.003422
-8.322435 36.199360 -22.172556
-4.576372 37.785900 -19.534500
0.682878 38.839996 -17.424055
4.890278 39.683270 -15.735700
8.256198 40.357887 -12.420706
12.813734 39.752098 -9.768710
16.459763 39.267467 -7.647114
19.376587 38.879761 -4.404942
23.171644 36.691467 -1.684475
26.207691 34.940830 0.491898
28.636528 31.307499 2.806298
31.694000 28.226393 4.657818
34.139977 25.761509 6.139033
36.096756 20.812506 7.471857
38.457382 16.853302 8.538116
40.345879 13.685939 9.391124
41.856682 8.355206 10.357164
42.594917 4.090619 11.129994
43.185509 0.678950 11.748260
43.657982 -3.992477 12.846346
43.173561 -7.729617 13.724814
42.786026 -10.719330 14.427589
42.475998 -14.960156 14.347110
41.063171 -18.352819 14.282725
39.932915 -21.066946 14.231219
36.878307 -24.232553 15.173677
34.513023 -26.765039 15.927643
32.620792 -28.791029 16.530817
28.956610 -31.173540 17.465961
25.946863 -33.079548 18.214077
23.539066 -34.604351 18.812569
18.745628 -35.405544 20.296148
15.129278 -36.046494 21.483011
12.236198 -36.559258 22.432501
9.921734 -36.969467 23.192091
6.636562 -36.640575 24.641613
3.890825 -36.377468 25.801228
1.694235 -36.166977 26.728922
-0.063038 -35.998592 27.471077
-1.468855 -35.863876 28.064802
-2.593510 -35.756107 28.539782
-4.599411 -34.512417 29.457293
-6.758671 -33.433449 30.253288
-7.949434 -32.874737 30.931108
-9.011683 -32.396214 31.666653
-12.482008 -31.569889 31.909983
-16.982958 -30.485439 31.273048
-19.830667 -29.246342 30.672413
-21.575029 -28.106367 30.393110
-22.691423 -27.376785 30.214354
-23.792315 -26.403976 30.241165
-24.806005 -25.376680 30.258324
-25.685438 -24.002829 30.203810
-27.065924 -22.971239 30.109495
-28.829176 -21.425037 29.786283
-30.095999 -20.149220 29.407778
-31.623564 -18.722158 28.806469
-32.686874 -17.943409 28.433084
-34.218048 -16.822010 27.895411
-36.341621 -15.540958 25.902155
-37.256523 -15.090274 24.582842
-37.988441 -14.729725 23.527391
-39.042412 -14.210536 22.007544
-40.450546 -13.791035 19.179155
-41.277267 -13.603114 17.348759
-41.938637 -13.452778 15.884442
-42.467735 -13.332508 14.712987
-43.229637 -13.159322 12.253646
-44.105331 -12.423245 10.634592
-44.805893 -11.834385 9.339350
-45.366341 -11.363296 8.303156
-46.156586 -10.149981 5.815304
-46.430092 -9.480825 4.488186
-46.648895 -8.945501 2.654045
-46.863144 -8.022997 0.737143
-47.359024 -3.510414 -5.799382
-47.014137 -0.681748 -10.160536
-46.684937 0.675462 -11.711169
-46.421577 1.761231 -12.912449
-45.998085 4.234687 -13.873473
-45.659294 6.213452 -14.642293
-45.388260 9.285011 -15.115531
-44.661835 11.364308 -15.494123
-44.080696 13.027746 -15.796996
-43.615784 15.847044 -15.532375
-42.482254 18.492065 -15.320679
-41.575424 20.608082 -15.151322
-36.700661 29.548187 -14.312733
-35.225357 32.598701 -13.527258
-31.872309 35.039112 -12.898877
-29.189871 36.991440 -12.396173
-27.043921 39.297581 -10.231863
-23.434362 41.194820 -8.500416
-20.546713 42.712612 -7.115259
-16.802996 43.903587 -4.706645
-13.528021 44.856369 -2.779754
-10.908041 45.618595 -1.238241
-8.812057 45.425953 2.206704
-5.808071 45.271843 4.962660
-3.404881 45.148552 7.167425
0.197672 43.596256 10.741659
3.079714 42.354424 13.601048
5.385347 41.360958 15.888557
9.156254 38.542686 18.825941
12.172978 36.288071 21.175850
14.586359 34.484379 23.055777
18.118664 30.733011 24.891628
20.944506 27.731916 26.360306
23.205181 25.331041 27.535252
25.836920 20.619312 28.288132
27.942312 16.849930 28.890436
29.626625 13.834423 29.372276
30.738876 8.974052 29.866375
31.628677 5.085757 30.261654
32.340515 1.975120 30.577875
31.969189 -2.571774 30.993795
31.672127 -6.209289 31.326530
31.434479 -9.119301 31.592716
29.827559 -12.900971 31.606520
28.542023 -15.926309 31.617561
27.513594 -18.346577 31.931149
24.585251 -20.684004 32.182022
22.242577 -22.553944 32.382717
20.368437 -24.049896 34.088169
16.668324 -24.659378 34.984844
13.708235 -25.146965 35.702175
8.247306 -24.581497 38.213047
-1.194740 -18.527805 42.423580
-0.396801 -23.590866 40.246220
-0.229465 -25.955143 38.677170
-0.946796 -27.875637 37.421932
-1.520662 -29.412031 36.417744
-1.979753 -30.827217 34.594517
-5.372528 -32.865086 31.969080
-9.279903 -34.587971 27.888176
-11.440748 -35.200554 26.437187
-15.146223 -35.184746 24.470758
-18.110601 -35.172100 22.897615
-20.482107 -35.161983 21.639101
-23.812910 -34.275879 19.277489
-26.415953 -33.566998 17.388199
-30.881136 -31.557714 12.492096
-32.932938 -30.403975 9.784359
-34.574371 -29.480984 7.618169
-36.682724 -27.102859 4.509296
-38.369408 -25.200361 2.022198
-39.718750 -23.678364 0.032519
-41.145424 -20.565189 -2.606252
-42.286766 -18.074652 -4.717269
-43.199837 -16.082222 -6.406083
-43.756691 -13.086947 -9.018395
-44.202179 -10.690729 -11.108246
-44.558571 -8.773754 -12.780126
-42.934029 3.880570 -20.413616
-40.103088 12.970422 -23.168381
-39.000092 16.202396 -23.433018
-38.117699 18.787977 -23.029184
-34.790985 23.223001 -22.706118
-32.129608 26.771019 -22.447664
-30.000513 29.609432 -21.067144
-25.441236 33.130314 -19.962729
-21.793814 35.947018 -19.079195
-18.875875 38.200378 -15.994678
-14.195124 40.491501 -13.527065
-10.450521 42.324398 -11.552976
-7.454842 43.046440 -7.445145
-2.779097 43.618259 -4.158880
0.961498 44.075714 -1.529869
3.953974 42.953129 2.528597
7.999955 41.956215 5.775371
11.236740 41.158680 8.372789
13.826168 37.467968 11.850785
17.644911 34.515396 14.633183
20.699903 32.153339 16.859100
23.143900 27.484291 19.882992
25.647896 23.749058 22.302105
27.651093 20.760866 24.237394
29.253649 15.759543 25.984776
30.429295 11.758482 27.382677
31.369812 8.557634 28.500999
31.215515 0.913166 30.535025
29.508446 -5.182924 32.570019
28.157932 -7.885369 33.619450
27.077522 -10.047326 34.458992
24.544394 -12.590940 35.332794
22.517891 -14.625834 36.031834
20.896687 -16.253746 36.591064
17.410126 -17.311861 37.635891
12.389477 -18.835548 39.140438
5.023302 -17.654638 41.542641
2.404217 -17.234758 42.396751
-1.443851 -15.102131 42.579159
-4.522306 -13.396029 42.725086
-9.470480 -8.718047 43.176613
-11.458811 -6.067567 43.444431
-13.049475 -3.947184 43.658699
-13.672403 -1.419383 43.576645
-14.170748 0.602859 43.511005
-14.569422 2.220651 44.230934
-13.930761 3.631177 44.643951
-13.419832 4.759599 44.974358
-11.440897 5.465812 46.281128
-10.184744 5.308593 46.745762
-9.179819 5.182819 47.117462
-7.099079 3.477357 47.203609
-5.434488 2.112988 47.272526
-4.102816 1.021491 46.832813
-2.208677 -1.636801 46.481037
-0.693367 -3.763435 46.199619
0.518883 -7.697565 45.304630
1.662281 -11.019309 44.588638
3.356596 -21.499172 39.829067
3.394852 -24.270159 38.340435
3.425457 -26.486948 36.630535
1.506741 -28.504595 35.262619
-0.028233 -30.118710 34.168293
-1.256210 -32.642708 30.845734
-5.584820 -36.277264 26.061256
-7.123880 -37.482334 21.997505
-10.236731 -38.446388 18.746504
-12.727011 -39.217632 16.145702
-16.152834 -38.927544 11.174420
-18.719893 -38.695469 7.197394
-20.773539 -38.509808 4.015772
-23.133257 -37.052990 -1.139553
-24.892229 -35.887535 -5.263812
-26.299406 -34.955170 -8.563220
-28.141951 -31.947380 -12.497199
-29.593584 -29.541149 -15.644382
-30.754892 -27.616163 -18.162128
-32.176735 -23.773577 -20.915583
-33.314217 -20.699509 -23.118345
-34.224197 -18.240252 -24.880554
-34.425781 -13.696960 -26.836468
-34.587051 -10.062327 -28.401197
-34.716064 -7.154621 -29.652981
-34.253677 -2.490970 -30.735878
-33.587837 4.224688 -32.295250
-31.603895 8.508051 -33.015648
-30.016741 11.934743 -33.591965
-28.747019 14.676095 -34.053020
-24.796839 18.735676 -34.400742
-21.636694 21.983343 -34.678921
-19.108580 24.581474 -32.584122
-13.429289 27.875242 -31.327696
-8.885855 30.510254 -30.322556
-5.251108 32.618267 -29.518444
1.274290 34.077908 -25.963390
6.494608 35.245613 -23.119347
10.670862 36.179783 -20.844110
24.520800 33.051762 -8.152633
28.776615 29.813688 -4.405029
32.181267 27.223228 -1.406947
34.904991 25.150860 1.763967
37.307968 20.143734 4.358028
39.230350 16.138031 6.433276
40.768257 12.933471 8.183996
41.292984 7.276430 9.584572
41.712761 2.750798 10.705034
42.048584 -3.846805 11.824688
40.805244 -8.903932 12.720412
39.810570 -12.949633 13.436992
39.014832 -18.419016 13.937839
36.339840 -22.364241 14.338514
34.199848 -25.520418 14.659055
32.487854 -28.993147 14.879279
28.603859 -31.771334 15.055460
25.496662 -33.993881 15.196404
23.010906 -35.928913 15.514340
17.315100 -37.476940 15.768689
12.758455 -38.715359 15.972167
9.113140 -38.740864 16.056499
3.206488 -38.761272 16.123964
-1.518833 -38.777592 16.177938
-8.166292 -37.104408 15.714198
-13.215460 -35.765858 15.343204
-17.254793 -34.695015 15.046410
-21.919859 -31.605520 14.815008
-25.612711 -29.133924 14.629889
-28.566992 -27.156647 14.481791
-31.406416 -23.138491 15.099552
-33.677956 -19.923965 15.593762
-35.495193 -17.352345 15.989131
-36.612976 -13.492510 17.705486
-37.507210 -10.404640 19.078569
-38.222595 -7.934346 20.177036
-37.898903 -4.056722 22.178274
-37.639946 -0.954621 23.779263
-37.432785 1.527058 25.060053
-35.749451 4.960247 26.890326
-34.402786 7.706799 28.354542
-33.325455 9.904040 29.525915
-30.161989 12.818949 31.389349
-27.631216 15.150874 32.880093
-25.606596 17.016415 34.072689
-22.110903 18.799578 35.316433
-19.314348 20.226109 36.311428
-17.077105 21.367334 37.107426
-13.624109 21.530226 38.462360
-10.861712 21.660540 39.546310
-8.651794 21.764791 40.413467
-5.707859 20.708523 41.095127
-3.352711 19.863506 41.640446
-2.034193 18.297853 42.535351
-0.979380 17.045330 43.251274
-0.135529 16.043310 43.824005
-1.480701 11.910551 45.235321
-1.958986 10.441127 45.737125
-4.545942 1.656524 45.737446
-6.740780 -1.890493 44.765911
-8.496649 -4.728107 43.988693
-9.901342 -6.998198 43.366920
-13.657862 -13.270973 40.038345
-14.993513 -15.501293 38.854855
-17.333235 -18.215893 36.827839
-19.205011 -20.387571 35.206238
-20.702433 -22.124916 33.908947
-25.036001 -24.375498 28.581133
-26.576826 -25.175703 26.686798
-28.649485 -25.670504 23.961365
-30.307611 -26.066343 21.781017
-31.634115 -26.383015 17.939667
-33.512917 -26.031628 14.866585
-35.015961 -25.750521 12.408119
-36.218391 -25.525633 8.124005
-37.919540 -23.607145 4.382907
-39.280457 -22.072357 1.390029
-40.369194 -18.611700 -4.407870
-40.484177 -16.128094 -9.046189
-40.576172 -14.141208 -12.756845
-40.649765 -12.551700 -18.220736
-38.289436 -8.832129 -22.591848
-36.401169 -5.856472 -26.088739
-29.946875 1.050879 -32.862270
-25.991922 4.672338 -35.270638
-22.827963 9.040611 -36.346428
-16.303995 12.535231 -37.207066
-11.084822 15.330925 -37.895569
-6.909481 17.253489 -37.335983
-0.382809 18.791542 -36.888313
4.838530 20.021982 -36.530178
9.015599 21.006336 -34.698776
14.692455 21.008844 -32.778027
19.233940 21.010847 -31.241432
22.867128 21.012451 -30.012154
25.773678 21.013735 -29.028734
28.098919 21.014761 -28.241997
29.959110 19.527035 -26.131075
32.830463 18.075195 -24.442341
35.127548 16.913721 -23.091351
36.965214 15.984543 -22.010559
38.435349 15.241199 -21.145927
39.611454 14.646523 -20.454222
40.552338 11.530935 -18.039139
42.397049 9.038465 -16.107071
43.872814 7.044488 -14.561417
45.053429 5.449309 -13.324894
45.997917 4.173165 -12.335676
46.753510 3.152250 -11.544302
47.357986 0.230616 -8.581790
47.555962 -2.106692 -6.211781
47.714348 -3.976537 -4.315773
47.841053 -5.472414 -2.798968
47.942421 -6.669115 -1.585524
47.169983 -10.741481 0.726085
46.487164 -13.233483 1.798768
45.940907 -15.227088 2.656913
44.787102 -17.920937 5.573269
43.365658 -20.076017 7.906354
42.228500 -21.800081 9.772821
41.318779 -23.179333 12.038444
39.190998 -24.980490 13.697054
37.488773 -26.421417 15.023942
34.166031 -29.234106 18.386477
28.616936 -32.159481 20.716066
26.643925 -33.199619 21.544365
25.065516 -34.031727 22.207005
23.802788 -34.697407 23.509562
20.390205 -35.078781 24.681356
17.660141 -35.383873 25.618790
15.476088 -35.627949 26.368738
13.728846 -35.823212 26.968695
12.331052 -35.979416 27.448660
11.212817 -36.104385 28.086092
8.167830 -36.076435 28.596039
3.783047 -36.036190 29.330362
2.224012 -36.021881 29.591454
0.976786 -36.010433 29.800331
-2.835222 -34.334446 29.965328
-14.422743 -29.133909 30.911295
-15.851820 -28.499819 31.073450
-16.995081 -27.992544 31.203176
-17.909689 -26.383095 30.815125
-20.181376 -25.095535 30.504683
-25.546190 -22.054834 29.771547
-26.290575 -20.795620 29.621542
-27.434885 -19.788248 29.501537
-29.082693 -18.337629 29.328735
-30.988489 -16.641701 28.771572
-32.044418 -15.697579 28.374990
-34.007355 -13.919389 27.459936
-35.617554 -12.446424 26.599113
-36.829514 -11.304865 25.271519
-37.937630 -10.461379 25.299019
-33.191338 -16.269037 28.176357
-29.217112 -23.964100 27.724442
-27.799314 -26.294432 26.650179
-25.757685 -29.650110 25.103243
-25.031771 -30.843243 24.553223
-23.986456 -33.933605 21.368416
-22.976389 -35.642292 19.172585
-22.168337 -37.009243 17.415918
-21.521894 -38.102802 16.010586
-21.004740 -38.977650 14.886319
-19.109797 -41.137543 7.271252
-18.498262 -41.905499 4.563674
-18.009035 -42.519867 2.397611
-17.617651 -43.011360 0.664760
-17.304544 -43.404552 -0.721520
-17.054060 -42.922504 -5.149654
-16.495272 -42.536869 -8.692162
-16.048243 -42.228352 -11.526167
-15.690619 -41.981548 -13.793372
-15.404520 -41.784096 -15.607136
-13.951902 -36.940773 -27.421110
-14.915148 -33.547493 -30.039652
-15.685743 -30.832870 -32.134487
-16.302217 -28.661169 -33.810352
-16.795397 -26.923811 -35.151047
-17.189943 -25.533924 -36.223602
-20.025579 -21.677502 -36.073845
-22.294088 -18.592363 -35.954041
-24.108896 -16.124254 -35.858192
-25.560743 -14.149765 -33.723667
-28.592619 -10.471088 -32.016048
-31.018122 -7.528148 -30.649952
-32.958527 -5.173795 -29.557076
-34.510849 -3.290312 -28.682774
-36.469505 -0.603154 -25.282782
-38.294029 1.546573 -22.562792
-39.753647 3.266356 -20.386799
-40.921341 5.386455 -16.588156
-43.056427 8.523129 -11.118110
-43.815567 9.638391 -9.173205
-44.422882 10.530600 -7.617281
-44.908730 11.244368 -6.372542
-45.297409 12.036338 -3.524084
-45.350754 12.669913 -1.245317
-45.393425 13.176775 0.577696
-45.427567 13.582264 2.036106
-45.454880 13.906654 3.202834
-44.916725 14.352235 6.673829
-44.486206 14.708701 9.450623
-44.141792 14.993876 11.672058
-43.866257 15.222012 13.449207
-42.733032 15.195196 16.014509
-41.826454 15.173744 18.066751
-41.101189 15.156582 19.708546
-39.518578 14.700938 22.171598
-38.252487 14.336423 24.142042
-37.239616 14.044809 25.718397
-36.009315 13.392865 27.788134
-35.025078 12.871310 29.443924
-34.237686 11.442318 30.723297
-33.254974 10.299124 31.746794
-31.839869 8.652925 32.852512
-32.627640 6.929513 33.265678
-33.131813 5.826528 33.530102
-34.405853 5.152219 32.294392
-35.554939 5.216598 31.697920
-35.296089 6.553486 31.382368
-36.117943 7.747301 30.407169
-35.041161 7.703364 31.279490
-31.943354 7.681100 34.310673
-33.204742 8.146272 32.064915
-34.494713 8.980010 30.021408
-35.314194 10.108559 28.898115
-36.494247 11.733671 27.280577
-36.913818 12.311488 26.177410
-38.792625 16.028778 23.497822
-38.246689 17.061167 23.911287
-37.673668 18.028467 25.006069
-36.885437 18.131641 26.066017
-35.888374 17.464750 27.375254
-35.051521 16.931240 28.422644
-33.846458 16.162985 29.930887
-33.075218 15.671302 31.885860
-32.089798 14.426585 33.020828
-28.766264 10.168777 36.985153
-27.242636 8.791861 38.071857
-26.023733 6.201781 39.378735
-21.355394 3.173310 41.260647
-19.695539 0.555641 42.174175
-17.751657 -1.538495 42.904999
-14.952463 -5.176218 43.667717
-13.492395 -6.746149 43.810165
-12.324339 -8.002093 43.924126
-11.389894 -9.716236 43.915718
-10.323141 -11.087550 43.908993
-9.469738 -12.184601 43.903614
-10.901957 -12.874714 43.151783
-13.252176 -12.025537 42.770180
-14.708166 -11.149894 42.678757
-15.872957 -10.449381 42.605614
-17.538389 -8.609749 42.172947
-18.870737 -7.138043 41.826817
-19.936613 -5.960678 41.549908
-21.531958 -2.046405 40.950211
-22.099192 -0.654663 40.736980
-21.656977 1.290223 40.816837
-18.760977 5.330858 41.772331
-16.953608 6.322856 42.444725
-15.507711 7.116455 42.982647
-8.016684 6.369003 44.908863
2.374258 -4.500712 45.188812
3.583382 -6.380183 44.109764
5.116282 -9.506046 43.246521
6.342601 -12.006736 42.555923
9.835096 -22.200109 37.158573
10.728053 -25.807770 33.729790
10.708818 -28.920666 30.986769
10.693430 -31.410984 28.792351
10.681120 -33.403240 25.627703
8.506273 -38.061832 21.070608
7.732994 -39.840332 17.938604
5.238371 -41.263126 15.433002
3.242672 -42.401363 13.428519
1.646112 -43.311954 10.361507
-1.350334 -43.860172 7.907897
-3.747492 -44.298744 5.945011
-5.665218 -44.649605 4.374701
-7.199400 -44.930298 3.118453
-8.426744 -45.154842 2.113455
-9.408621 -45.334484 0.250358
-11.722921 -44.739735 -1.240119
-13.574362 -44.263939 -2.432500
-15.055513 -43.883301 -3.386406
-22.296461 -40.193897 -8.526586
-23.939379 -39.362141 -9.467306
-25.819647 -37.605255 -10.525594
-26.856543 -36.980587 -10.901875
-28.349672 -36.081066 -11.443718
-28.880564 -34.325016 -12.155361
-30.279676 -32.920174 -12.724676
-31.398966 -31.796307 -13.180127
-33.010742 -30.177929 -13.835978
-34.759079 -27.816435 -14.786780
-35.783287 -26.387571 -15.360868
-36.602654 -25.244484 -15.820139
-37.782547 -23.598436 -16.481489
-38.890472 -21.329706 -17.339254
-39.441208 -19.982929 -17.837349
-39.881790 -18.905508 -18.235826
-40.516228 -17.354023 -18.809631
-41.179871 -14.331761 -20.162945
-41.530327 -12.355265 -20.464422
-41.810684 -10.774066 -20.705605
-42.034973 -9.509108 -20.898546
-42.214401 -8.497141 -21.052906
-42.469948 -5.419857 -21.288033
-42.968773 0.587003 -21.958216
-42.423843 3.411598 -22.223497
-41.987900 5.671274 -22.435722
-39.528069 14.640621 -24.344738
-38.373528 18.689322 -24.212934
-37.599648 20.103020 -24.166071
-36.980545 21.233974 -24.128580
-36.089027 22.862551 -24.074593
-35.772049 23.924217 -24.993803
-34.656059 24.773552 -25.729168
-33.049042 25.996590 -26.788095
-32.020554 26.779333 -27.465809
-30.574064 27.621660 -27.845573
-29.416876 28.295523 -28.149385
-28.491125 29.578890 -27.888533
-27.006845 31.071079 -27.512905
-25.827307 32.520325 -26.403500
-24.888720 33.843239 -25.536575
-26.192919 33.058083 -24.702873
-27.384760 32.167858 -24.787344
-29.101011 29.001999 -24.712851
-30.842432 27.039049 -24.599194
-32.235573 25.468691 -24.508270
-34.324478 21.758625 -24.022152
-35.995605 18.790571 -23.633257
-37.332512 16.416128 -23.322140
-37.685234 11.155708 -23.571114
-38.443413 6.947373 -23.770292
-39.049957 3.580705 -23.929634
-37.916786 -2.525824 -23.755371
-37.010254 -7.411048 -23.615963
-36.285027 -11.319227 -23.504433
-33.571251 -16.818144 -22.962606
-31.400225 -21.217279 -22.529142
-29.663404 -24.736586 -22.182371
-25.109949 -29.162689 -21.150612
-21.467184 -32.703568 -20.325203
-18.552973 -35.536274 -19.664879
-12.816801 -37.866398 -18.047346
-8.227865 -39.730499 -16.753321
-4.556717 -41.221783 -15.718100
0.250603 -41.938007 -14.253257
4.096458 -42.510986 -13.081384
7.173142 -42.969368 -12.143885
10.586490 -43.109303 -11.077062
13.317167 -43.221249 -10.223602
15.501709 -43.310806 -9.540836
17.646942 -43.085907 -8.940310
19.363131 -42.905987 -8.459888
20.736080 -42.762054 -8.606610
19.256069 -44.190483 -9.278982
17.458431 -44.876987 -9.442926
16.020321 -45.426189 -9.899958
11.717032 -46.045807 -10.265584
8.274402 -46.541500 -10.558084
5.520296 -46.193779 -9.995498
0.315413 -45.438797 -9.545429
-3.848494 -44.834820 -9.185374
-7.179619 -42.863083 -8.674045
-12.263720 -41.303139 -8.264981
-16.330999 -40.055187 -7.937730
-19.584826 -36.823997 -7.331949
-23.755884 -34.349529 -6.847323
-27.092733 -32.369953 -6.459624
-30.479010 -28.983753 -6.264124
-33.456833 -26.274792 -6.107724
-35.839096 -24.107622 -5.982604
-37.744904 -20.344578 -5.903630
-39.773544 -17.334143 -5.840450
-41.396461 -14.925793 -5.789907
-42.694794 -11.318681 -5.773611
-43.951859 -8.432992 -5.760574
-44.957512 -6.124441 -5.750145
-45.403633 -2.777423 -5.853444
-45.760529 -0.099807 -5.936084
-45.983269 4.994477 -6.610281
-45.933037 7.356232 -7.096750
-45.892853 9.245634 -7.485925
-45.440704 11.518874 -8.171419
-45.078987 13.337467 -8.719814
-44.789612 14.792340 -9.158530
-44.115715 16.438856 -10.176342
-43.576599 17.756067 -10.990593
-43.145302 18.809837 -11.641993
-42.559464 19.914511 -12.570457
-41.715866 21.505241 -13.907448
-41.270935 22.062403 -14.993737
-43.558067 10.654889 -16.732298
-43.903282 8.041081 -17.668608
-43.065048 2.065853 -18.155146
-42.394463 -2.714329 -18.544374
-41.857994 -6.538475 -18.855759
-38.320816 -12.702811 -19.089781
-35.491081 -17.634279 -19.276997
-33.227287 -21.579454 -19.426769
-27.009054 -26.491617 -19.395718
-22.034468 -30.421347 -19.370880
-18.054800 -33.565132 -19.351007
-14.871065 -36.080158 -19.335110
-12.324076 -38.092178 -19.322392
-5.985685 -39.224998 -17.773355
-0.422173 -40.131248 -16.534128
4.028637 -40.856255 -15.542747
7.589285 -41.436256 -14.749640
10.437803 -41.900253 -14.115155
12.716619 -42.271454 -13.607568
17.944471 -40.114635 -11.780315
22.126753 -38.389183 -10.318514
25.472578 -37.008823 -9.149072
28.149239 -35.904530 -8.213518
30.290565 -35.021099 -7.465075
33.750828 -31.354696 -5.994301
36.519039 -28.421577 -4.817681
38.733608 -26.075081 -3.876385
40.505264 -24.197884 -3.123348
41.922585 -22.696127 -2.520919
43.056446 -21.494720 -2.038975
44.327530 -17.172733 -1.288318
45.344398 -13.715142 -0.687793
46.157898 -10.949070 -0.207373
46.808693 -8.736212 0.176964
47.329330 -6.965925 0.484433
47.745842 -5.549696 1.008007
47.323048 -1.154697 1.426866
46.984814 2.361301 1.761953
46.714226 5.174101 2.030022
46.497757 7.424340 2.244478
44.890984 11.428281 2.548806
43.644760 14.631432 2.792269
42.647785 17.193954 2.987040
41.212139 22.372534 3.542090
39.576088 24.759090 3.861477
38.267242 26.668337 4.116986
37.220169 28.195736 4.321394
36.382511 29.417652 4.484920
35.176285 32.072666 4.258740
33.700203 33.414650 3.973140
32.519337 34.488239 3.744659
30.818893 36.034206 3.415648
30.214291 37.310719 3.247370
28.571407 38.331924 3.112748
27.257101 39.148891 3.005050
26.205658 39.802464 2.918892
24.691576 40.743610 2.794825
23.374836 41.520149 2.445957
22.321445 42.141384 2.166863
20.804562 43.035957 1.764967
18.978979 43.957420 1.180946
17.748104 44.459881 0.710341
15.980249 44.983017 -0.186748
14.568916 45.273254 -1.044848
13.344505 45.525059 -1.789298
11.632119 46.185349 -2.081343
10.536192 46.532345 -2.262217
15.245544 45.198830 -2.622097
16.445211 44.834297 -2.605715
19.465744 42.937828 -2.411567
21.882172 41.420654 -2.256249
23.815313 40.206917 -2.131994
27.282625 36.869366 -1.691627
30.056477 34.199326 -1.339333
32.275558 32.063293 -1.057499
35.736420 26.749384 -0.605728
40.720070 19.097363 0.044823
42.268028 12.946005 0.303286
43.506401 8.024918 0.510056
44.497093 4.088047 0.675472
44.214455 -2.404869 0.334078
43.988338 -7.599201 0.060962
43.807449 -11.754667 -0.929978
41.394733 -17.486301 -1.849459
39.464561 -22.071611 -2.585044
33.504314 -30.081598 -4.036546
29.971428 -33.554989 -4.726972
27.145119 -36.333706 -5.279313
21.664070 -38.783443 -6.203966
17.279232 -40.743240 -6.943687
13.771360 -42.311077 -7.698403
8.047463 -43.036213 -8.302176
3.468346 -43.616318 -8.785193
-0.194948 -44.080406 -8.857801
-5.869583 -42.980568 -8.915888
-10.409292 -42.100700 -8.962357
-14.041059 -41.396805 -9.274113
-18.794474 -38.769493 -9.523518
-22.597204 -36.667645 -9.723042
-25.639387 -32.009064 -9.846453
-29.691534 -28.474085 -9.945180
-32.933250 -25.646101 -10.024163
-35.526627 -20.406616 -9.791648
-37.920525 -16.313879 -9.605634
-39.835648 -13.039688 -9.456823
-41.367744 -10.420336 -9.337775
-42.492622 -6.388577 -9.094686
-43.392525 -3.163171 -8.900213
-44.112442 -0.582846 -8.744637
-44.688377 1.481414 -8.620173
-44.999588 13.186822 -7.410948
-44.927696 14.398539 -7.302781
-44.870186 16.856459 -6.974859
-44.028976 18.915827 -6.712520
-43.356003 20.563324 -6.502650
-42.817627 21.881321 -6.334753
-42.386925 22.935720 -6.200436
-40.713913 25.994934 -5.862185
-39.651154 27.767488 -5.677548
-38.800949 29.185535 -5.529838
-38.120781 30.319971 -5.411670
-37.576653 32.018311 -5.274892
-36.346146 33.376984 -5.165470
-35.361740 34.463921 -5.077932
-33.944199 36.029110 -4.951878
-33.036972 37.548332 -4.717318
-31.670107 38.934639 -4.444089
-30.548914 39.497417 -4.529925
-29.309011 39.985664 -4.604392
-35.273239 34.476124 -6.314035
-36.429817 32.854568 -6.726989
-37.355080 31.557322 -7.057352
-38.095291 30.519522 -7.321642
-39.161194 29.025095 -8.145774
-40.598579 25.196838 -8.635933
-41.748489 22.134233 -9.028060
-42.668419 19.684153 -9.341763
-43.404358 17.724087 -9.592724
-44.464111 11.180221 -10.144204
-44.756912 7.147237 -10.424772
-44.991158 3.920851 -10.649226
-45.178551 1.339741 -10.828790
-45.328468 -0.725146 -10.972440
-43.471603 -6.447306 -11.199004
-41.986107 -11.025034 -11.380255
-40.797707 -14.687218 -11.525255
-39.846992 -17.616962 -11.641256
-39.086418 -22.879711 -10.759445
-35.207558 -27.089911 -10.053995
-32.104469 -30.458069 -9.489637
-29.622004 -33.152596 -9.038150
-23.195227 -36.325779 -8.239441
-18.053804 -38.864326 -7.600474
-13.940668 -40.895164 -7.089300
-6.802959 -41.781376 -6.263964
-1.092793 -42.490341 -5.603694
3.475342 -43.057522 -5.075480
10.305049 -41.354031 -3.255864
15.768815 -39.991230 -1.800171
20.139828 -38.900997 -0.635617
24.689438 -35.691319 2.040068
28.329126 -33.123581 4.180615
31.240877 -31.069389 5.893053
34.320679 -26.931555 7.124204
36.784519 -23.621286 8.109125
38.755592 -20.973070 8.124615
40.842049 -17.272917 8.450813
42.511215 -14.312793 8.711773
43.846550 -11.944693 8.920540
44.696415 -8.201157 8.779781
45.376308 -5.206328 8.667174
45.920223 -2.810465 8.577089
45.767357 1.065760 8.625715
45.645058 4.166740 8.664617
45.547226 6.647524 7.923291
45.054558 9.539237 7.426785
44.660423 11.852607 7.029581
44.345116 15.191854 6.066100
43.432068 17.688808 5.295314
42.701630 19.686371 4.678687
42.117279 21.284424 4.185385
38.705414 26.976717 2.415931
37.492306 29.000643 1.786793
36.521820 30.619785 1.283481
35.745434 31.915098 0.880833
34.631523 33.073460 -0.328394
33.027489 34.741493 -2.069680
32.297710 35.925331 -2.945731
31.986450 37.078487 -3.447252
37.089466 29.967407 0.281666
38.316349 28.148624 0.767341
39.297855 26.693600 1.155882
41.007061 21.139523 2.486586
43.468315 13.141654 4.402800
44.343430 10.297967 5.084120
45.043518 8.023018 5.629177
44.349190 0.871030 4.475067
43.793728 -4.850560 3.551778
43.349358 -9.427833 2.813148
42.993862 -13.089650 2.222243
42.709465 -16.019104 1.749520
42.481949 -21.799122 -0.058894
38.027134 -26.423136 -1.505625
34.463280 -30.122347 -2.663010
31.612202 -33.081718 -3.588918
29.331337 -35.449215 -4.329643
27.506645 -37.343208 -4.922225
15.914608 -40.614811 -7.193103
11.822862 -41.778049 -8.000526
5.930746 -43.453110 -9.163216
-1.889008 -42.966824 -10.206057
-6.468830 -42.101334 -10.709609
-10.132689 -41.408943 -11.112452
-13.063776 -40.855034 -11.434725
-17.777445 -38.277927 -11.505466
-21.548380 -36.216244 -11.562059
-24.565130 -34.566895 -11.607334
-26.978529 -33.247417 -11.643554
-31.943426 -28.829628 -11.695710
-34.370766 -26.139864 -11.714255
-36.312637 -23.988050 -11.729090
-37.866135 -22.266602 -11.740959
-41.101089 -15.695369 -11.888400
-42.251297 -13.358930 -11.940824
-43.171463 -11.489778 -11.982762
-45.513794 0.604009 -12.312031
-45.529457 3.047250 -12.560344
-45.541992 5.001842 -12.758994
-45.552017 7.920329 -13.198530
-45.033638 10.255118 -13.550159
-44.618935 12.122950 -13.831462
-43.844772 14.669666 -13.652177
-43.225441 16.707041 -13.508748
-42.729980 18.336939 -13.394006
-40.880768 23.369967 -12.861362
-40.318939 25.014561 -12.257857
-40.268768 25.434010 -11.196829
-41.468872 23.877062 -10.558458
-42.079651 22.538773 -11.915513
-42.618378 21.300827 -12.026065
-43.967392 17.763416 -12.357297
-44.290215 16.715347 -12.509160
-45.491821 2.425125 -14.409098
-45.472679 1.323534 -14.684568
-45.536125 -2.459524 -15.694808
-45.564125 -3.491270 -15.975648
-44.886528 -5.659849 -16.444727
-44.344444 -7.394712 -16.819990
-43.910782 -8.782604 -17.120201
-42.796654 -11.457056 -17.411665
-41.905350 -13.596617 -17.644836
-41.192307 -15.308267 -17.831373
-37.635437 -21.017612 -18.083693
-36.370773 -24.536150 -17.895807
-33.107841 -27.746378 -17.745501
-30.497499 -30.314558 -17.625256
-25.542025 -33.409924 -17.468710
-21.280844 -35.886215 -17.343473
-17.871901 -37.867252 -17.243286
-11.560743 -39.545113 -15.585050
-6.500620 -40.887402 -14.258459
-2.452520 -41.961231 -13.197187
0.785959 -41.465488 -11.280022
6.837543 -41.068890 -9.746287
11.678810 -40.751614 -8.519300
18.650234 -38.061909 -5.548508
